u53 = [4.31 4.83 5.00 4.82 4.30 3.47 2.40 1.16 -0.16 -1.47 -2.68 -3.70 -4.45 -4.90 -4.99 -4.73 -4.14 -3.26 -2.14 -0.87 0.45 1.75 2.92 3.89 4.58 4.95 4.96 4.63 3.97 3.03 ;4.31 4.83 5.00 4.82 4.30 3.47 2.40 1.16 -0.16 -1.47 -2.68 -3.70 -4.45 -4.90 -4.99 -4.73 -4.14 -3.26 -2.14 -0.87 0.45 1.75 2.92 3.89 4.58 4.95 4.96 4.63 3.97 3.03 ;4.31 4.83 5.00 4.82 4.30 3.47 2.40 1.16 -0.16 -1.47 -2.68 -3.70 -4.45 -4.90 -4.99 -4.73 -4.14 -3.26 -2.14 -0.87 0.45 1.75 2.92 3.89 4.58 4.95 4.96 4.63 3.97 3.03 ;4.31 4.83 5.00 4.82 4.30 3.47 2.40 1.16 -0.16 -1.47 -2.68 -3.70 -4.45 -4.90 -4.99 -4.73 -4.14 -3.26 -2.14 -0.87 0.45 1.75 2.92 3.89 4.58 4.95 4.96 4.63 3.97 3.03 ;4.31 4.83 5.00 4.82 4.30 3.47 2.40 1.16 -0.16 -1.47 -2.68 -3.70 -4.45 -4.90 -4.99 -4.73 -4.14 -3.26 -2.14 -0.87 0.45 1.75 2.92 3.89 4.58 4.95 4.96 4.63 3.97 3.03 ;4.31 4.83 5.00 4.82 4.30 3.47 2.40 1.16 -0.16 -1.47 -2.68 -3.70 -4.45 -4.90 -4.99 -4.73 -4.14 -3.26 -2.14 -0.87 0.45 1.75 2.92 3.89 4.58 4.95 4.96 4.63 3.97 3.03 ;4.31 4.83 5.00 4.82 4.30 3.47 2.40 1.16 -0.16 -1.47 -2.68 -3.70 -4.45 -4.90 -4.99 -4.73 -4.14 -3.26 -2.14 -0.87 0.45 1.75 2.92 3.89 4.58 4.95 4.96 4.63 3.97 3.03 ;4.31 4.83 5.00 4.82 4.30 3.47 2.40 1.16 -0.16 -1.47 -2.68 -3.70 -4.45 -4.90 -4.99 -4.73 -4.14 -3.26 -2.14 -0.87 0.45 1.75 2.92 3.89 4.58 4.95 4.96 4.63 3.97 3.03 ;4.31 4.83 5.00 4.82 4.30 3.47 2.40 1.16 -0.16 -1.47 -2.68 -3.70 -4.45 -4.90 -4.99 -4.73 -4.14 -3.26 -2.14 -0.87 0.45 1.75 2.92 3.89 4.58 4.95 4.96 4.63 3.97 3.03 ;4.31 4.83 5.00 4.82 4.30 3.47 2.40 1.16 -0.16 -1.47 -2.68 -3.70 -4.45 -4.90 -4.99 -4.73 -4.14 -3.26 -2.14 -0.87 0.45 1.75 2.92 3.89 4.58 4.95 4.96 4.63 3.97 3.03 ;4.31 4.83 5.00 4.82 4.30 3.47 2.40 1.16 -0.16 -1.47 -2.68 -3.70 -4.45 -4.90 -4.99 -4.73 -4.14 -3.26 -2.14 -0.87 0.45 1.75 2.92 3.89 4.58 4.95 4.96 4.63 3.97 3.03 ;4.31 4.83 5.00 4.82 4.30 3.47 2.40 1.16 -0.16 -1.47 -2.68 -3.70 -4.45 -4.90 -4.99 -4.73 -4.14 -3.26 -2.14 -0.87 0.45 1.75 2.92 3.89 4.58 4.95 4.96 4.63 3.97 3.03 ;4.31 4.83 5.00 4.82 4.30 3.47 2.40 1.16 -0.16 -1.47 -2.68 -3.70 -4.45 -4.90 -4.99 -4.73 -4.14 -3.26 -2.14 -0.87 0.45 1.75 2.92 3.89 4.58 4.95 4.96 4.63 3.97 3.03 ;4.31 4.83 5.00 4.82 4.30 3.47 2.40 1.16 -0.16 -1.47 -2.68 -3.70 -4.45 -4.90 -4.99 -4.73 -4.14 -3.26 -2.14 -0.87 0.45 1.75 2.92 3.89 4.58 4.95 4.96 4.63 3.97 3.03 ;4.31 4.83 5.00 4.82 4.30 3.47 2.40 1.16 -0.16 -1.47 -2.68 -3.70 -4.45 -4.90 -4.99 -4.73 -4.14 -3.26 -2.14 -0.87 0.45 1.75 2.92 3.89 4.58 4.95 4.96 4.63 3.97 3.03 ;4.31 4.83 5.00 4.82 4.30 3.47 2.40 1.16 -0.16 -1.47 -2.68 -3.70 -4.45 -4.90 -4.99 -4.73 -4.14 -3.26 -2.14 -0.87 0.45 1.75 2.92 3.89 4.58 4.95 4.96 4.63 3.97 3.03 ;4.31 4.83 5.00 4.82 4.30 3.47 2.40 1.16 -0.16 -1.47 -2.68 -3.70 -4.45 -4.90 -4.99 -4.73 -4.14 -3.26 -2.14 -0.87 0.45 1.75 2.92 3.89 4.58 4.95 4.96 4.63 3.97 3.03 ;4.31 4.83 5.00 4.82 4.30 3.47 2.40 1.16 -0.16 -1.47 -2.68 -3.70 -4.45 -4.90 -4.99 -4.73 -4.14 -3.26 -2.14 -0.87 0.45 1.75 2.92 3.89 4.58 4.95 4.96 4.63 3.97 3.03 ;4.31 4.83 5.00 4.82 4.30 3.47 2.40 1.16 -0.16 -1.47 -2.68 -3.70 -4.45 -4.90 -4.99 -4.73 -4.14 -3.26 -2.14 -0.87 0.45 1.75 2.92 3.89 4.58 4.95 4.96 4.63 3.97 3.03 ;4.31 4.83 5.00 4.82 4.30 3.47 2.40 1.16 -0.16 -1.47 -2.68 -3.70 -4.45 -4.90 -4.99 -4.73 -4.14 -3.26 -2.14 -0.87 0.45 1.75 2.92 3.89 4.58 4.95 4.96 4.63 3.97 3.03 ;4.31 4.83 5.00 4.82 4.30 3.47 2.40 1.16 -0.16 -1.47 -2.68 -3.70 -4.45 -4.90 -4.99 -4.73 -4.14 -3.26 -2.14 -0.87 0.45 1.75 2.92 3.89 4.58 4.95 4.96 4.63 3.97 3.03 ;4.31 4.83 5.00 4.82 4.30 3.47 2.40 1.16 -0.16 -1.47 -2.68 -3.70 -4.45 -4.90 -4.99 -4.73 -4.14 -3.26 -2.14 -0.87 0.45 1.75 2.92 3.89 4.58 4.95 4.96 4.63 3.97 3.03 ;4.31 4.83 5.00 4.82 4.30 3.47 2.40 1.16 -0.16 -1.47 -2.68 -3.70 -4.45 -4.90 -4.99 -4.73 -4.14 -3.26 -2.14 -0.87 0.45 1.75 2.92 3.89 4.58 4.95 4.96 4.63 3.97 3.03 ;4.31 4.83 5.00 4.82 4.30 3.47 2.40 1.16 -0.16 -1.47 -2.68 -3.70 -4.45 -4.90 -4.99 -4.73 -4.14 -3.26 -2.14 -0.87 0.45 1.75 2.92 3.89 4.58 4.95 4.96 4.63 3.97 3.03 ;4.31 4.83 5.00 4.82 4.30 3.47 2.40 1.16 -0.16 -1.47 -2.68 -3.70 -4.45 -4.90 -4.99 -4.73 -4.14 -3.26 -2.14 -0.87 0.45 1.75 2.92 3.89 4.58 4.95 4.96 4.63 3.97 3.03 ;4.31 4.83 5.00 4.82 4.30 3.47 2.40 1.16 -0.16 -1.47 -2.68 -3.70 -4.45 -4.90 -4.99 -4.73 -4.14 -3.26 -2.14 -0.87 0.45 1.75 2.92 3.89 4.58 4.95 4.96 4.63 3.97 3.03 ;4.31 4.83 5.00 4.82 4.30 3.47 2.40 1.16 -0.16 -1.47 -2.68 -3.70 -4.45 -4.90 -4.99 -4.73 -4.14 -3.26 -2.14 -0.87 0.45 1.75 2.92 3.89 4.58 4.95 4.96 4.63 3.97 3.03 ;4.31 4.83 5.00 4.82 4.30 3.47 2.40 1.16 -0.16 -1.47 -2.68 -3.70 -4.45 -4.90 -4.99 -4.73 -4.14 -3.26 -2.14 -0.87 0.45 1.75 2.92 3.89 4.58 4.95 4.96 4.63 3.97 3.03 ;4.31 4.83 5.00 4.82 4.30 3.47 2.40 1.16 -0.16 -1.47 -2.68 -3.70 -4.45 -4.90 -4.99 -4.73 -4.14 -3.26 -2.14 -0.87 0.45 1.75 2.92 3.89 4.58 4.95 4.96 4.63 3.97 3.03 ;4.31 4.83 5.00 4.82 4.30 3.47 2.40 1.16 -0.16 -1.47 -2.68 -3.70 -4.45 -4.90 -4.99 -4.73 -4.14 -3.26 -2.14 -0.87 0.45 1.75 2.92 3.89 4.58 4.95 4.96 4.63 3.97 3.03 ;];
