u7 = [4.99 4.90 4.47 3.73 2.72 1.51 0.20 -1.12 -2.36 -3.44 -4.28 -4.81 -5.00 -4.84 -4.33 -3.52 -2.47 -1.23 0.09 1.40 2.62 3.65 4.42 4.88 4.99 4.76 4.18 3.31 2.21 0.95 ;4.99 4.90 4.47 3.73 2.72 1.51 0.20 -1.12 -2.36 -3.44 -4.28 -4.81 -5.00 -4.84 -4.33 -3.52 -2.47 -1.23 0.09 1.40 2.62 3.65 4.42 4.88 4.99 4.76 4.18 3.31 2.21 0.95 ;4.99 4.90 4.47 3.73 2.72 1.51 0.20 -1.12 -2.36 -3.44 -4.28 -4.81 -5.00 -4.84 -4.33 -3.52 -2.47 -1.23 0.09 1.40 2.62 3.65 4.42 4.88 4.99 4.76 4.18 3.31 2.21 0.95 ;4.99 4.90 4.47 3.73 2.72 1.51 0.20 -1.12 -2.36 -3.44 -4.28 -4.81 -5.00 -4.84 -4.33 -3.52 -2.47 -1.23 0.09 1.40 2.62 3.65 4.42 4.88 4.99 4.76 4.18 3.31 2.21 0.95 ;4.99 4.90 4.47 3.73 2.72 1.51 0.20 -1.12 -2.36 -3.44 -4.28 -4.81 -5.00 -4.84 -4.33 -3.52 -2.47 -1.23 0.09 1.40 2.62 3.65 4.42 4.88 4.99 4.76 4.18 3.31 2.21 0.95 ;4.99 4.90 4.47 3.73 2.72 1.51 0.20 -1.12 -2.36 -3.44 -4.28 -4.81 -5.00 -4.84 -4.33 -3.52 -2.47 -1.23 0.09 1.40 2.62 3.65 4.42 4.88 4.99 4.76 4.18 3.31 2.21 0.95 ;4.99 4.90 4.47 3.73 2.72 1.51 0.20 -1.12 -2.36 -3.44 -4.28 -4.81 -5.00 -4.84 -4.33 -3.52 -2.47 -1.23 0.09 1.40 2.62 3.65 4.42 4.88 4.99 4.76 4.18 3.31 2.21 0.95 ;4.99 4.90 4.47 3.73 2.72 1.51 0.20 -1.12 -2.36 -3.44 -4.28 -4.81 -5.00 -4.84 -4.33 -3.52 -2.47 -1.23 0.09 1.40 2.62 3.65 4.42 4.88 4.99 4.76 4.18 3.31 2.21 0.95 ;4.99 4.90 4.47 3.73 2.72 1.51 0.20 -1.12 -2.36 -3.44 -4.28 -4.81 -5.00 -4.84 -4.33 -3.52 -2.47 -1.23 0.09 1.40 2.62 3.65 4.42 4.88 4.99 4.76 4.18 3.31 2.21 0.95 ;4.99 4.90 4.47 3.73 2.72 1.51 0.20 -1.12 -2.36 -3.44 -4.28 -4.81 -5.00 -4.84 -4.33 -3.52 -2.47 -1.23 0.09 1.40 2.62 3.65 4.42 4.88 4.99 4.76 4.18 3.31 2.21 0.95 ;4.99 4.90 4.47 3.73 2.72 1.51 0.20 -1.12 -2.36 -3.44 -4.28 -4.81 -5.00 -4.84 -4.33 -3.52 -2.47 -1.23 0.09 1.40 2.62 3.65 4.42 4.88 4.99 4.76 4.18 3.31 2.21 0.95 ;4.99 4.90 4.47 3.73 2.72 1.51 0.20 -1.12 -2.36 -3.44 -4.28 -4.81 -5.00 -4.84 -4.33 -3.52 -2.47 -1.23 0.09 1.40 2.62 3.65 4.42 4.88 4.99 4.76 4.18 3.31 2.21 0.95 ;4.99 4.90 4.47 3.73 2.72 1.51 0.20 -1.12 -2.36 -3.44 -4.28 -4.81 -5.00 -4.84 -4.33 -3.52 -2.47 -1.23 0.09 1.40 2.62 3.65 4.42 4.88 4.99 4.76 4.18 3.31 2.21 0.95 ;4.99 4.90 4.47 3.73 2.72 1.51 0.20 -1.12 -2.36 -3.44 -4.28 -4.81 -5.00 -4.84 -4.33 -3.52 -2.47 -1.23 0.09 1.40 2.62 3.65 4.42 4.88 4.99 4.76 4.18 3.31 2.21 0.95 ;4.99 4.90 4.47 3.73 2.72 1.51 0.20 -1.12 -2.36 -3.44 -4.28 -4.81 -5.00 -4.84 -4.33 -3.52 -2.47 -1.23 0.09 1.40 2.62 3.65 4.42 4.88 4.99 4.76 4.18 3.31 2.21 0.95 ;4.99 4.90 4.47 3.73 2.72 1.51 0.20 -1.12 -2.36 -3.44 -4.28 -4.81 -5.00 -4.84 -4.33 -3.52 -2.47 -1.23 0.09 1.40 2.62 3.65 4.42 4.88 4.99 4.76 4.18 3.31 2.21 0.95 ;4.99 4.90 4.47 3.73 2.72 1.51 0.20 -1.12 -2.36 -3.44 -4.28 -4.81 -5.00 -4.84 -4.33 -3.52 -2.47 -1.23 0.09 1.40 2.62 3.65 4.42 4.88 4.99 4.76 4.18 3.31 2.21 0.95 ;4.99 4.90 4.47 3.73 2.72 1.51 0.20 -1.12 -2.36 -3.44 -4.28 -4.81 -5.00 -4.84 -4.33 -3.52 -2.47 -1.23 0.09 1.40 2.62 3.65 4.42 4.88 4.99 4.76 4.18 3.31 2.21 0.95 ;4.99 4.90 4.47 3.73 2.72 1.51 0.20 -1.12 -2.36 -3.44 -4.28 -4.81 -5.00 -4.84 -4.33 -3.52 -2.47 -1.23 0.09 1.40 2.62 3.65 4.42 4.88 4.99 4.76 4.18 3.31 2.21 0.95 ;4.99 4.90 4.47 3.73 2.72 1.51 0.20 -1.12 -2.36 -3.44 -4.28 -4.81 -5.00 -4.84 -4.33 -3.52 -2.47 -1.23 0.09 1.40 2.62 3.65 4.42 4.88 4.99 4.76 4.18 3.31 2.21 0.95 ;4.99 4.90 4.47 3.73 2.72 1.51 0.20 -1.12 -2.36 -3.44 -4.28 -4.81 -5.00 -4.84 -4.33 -3.52 -2.47 -1.23 0.09 1.40 2.62 3.65 4.42 4.88 4.99 4.76 4.18 3.31 2.21 0.95 ;4.99 4.90 4.47 3.73 2.72 1.51 0.20 -1.12 -2.36 -3.44 -4.28 -4.81 -5.00 -4.84 -4.33 -3.52 -2.47 -1.23 0.09 1.40 2.62 3.65 4.42 4.88 4.99 4.76 4.18 3.31 2.21 0.95 ;4.99 4.90 4.47 3.73 2.72 1.51 0.20 -1.12 -2.36 -3.44 -4.28 -4.81 -5.00 -4.84 -4.33 -3.52 -2.47 -1.23 0.09 1.40 2.62 3.65 4.42 4.88 4.99 4.76 4.18 3.31 2.21 0.95 ;4.99 4.90 4.47 3.73 2.72 1.51 0.20 -1.12 -2.36 -3.44 -4.28 -4.81 -5.00 -4.84 -4.33 -3.52 -2.47 -1.23 0.09 1.40 2.62 3.65 4.42 4.88 4.99 4.76 4.18 3.31 2.21 0.95 ;4.99 4.90 4.47 3.73 2.72 1.51 0.20 -1.12 -2.36 -3.44 -4.28 -4.81 -5.00 -4.84 -4.33 -3.52 -2.47 -1.23 0.09 1.40 2.62 3.65 4.42 4.88 4.99 4.76 4.18 3.31 2.21 0.95 ;4.99 4.90 4.47 3.73 2.72 1.51 0.20 -1.12 -2.36 -3.44 -4.28 -4.81 -5.00 -4.84 -4.33 -3.52 -2.47 -1.23 0.09 1.40 2.62 3.65 4.42 4.88 4.99 4.76 4.18 3.31 2.21 0.95 ;4.99 4.90 4.47 3.73 2.72 1.51 0.20 -1.12 -2.36 -3.44 -4.28 -4.81 -5.00 -4.84 -4.33 -3.52 -2.47 -1.23 0.09 1.40 2.62 3.65 4.42 4.88 4.99 4.76 4.18 3.31 2.21 0.95 ;4.99 4.90 4.47 3.73 2.72 1.51 0.20 -1.12 -2.36 -3.44 -4.28 -4.81 -5.00 -4.84 -4.33 -3.52 -2.47 -1.23 0.09 1.40 2.62 3.65 4.42 4.88 4.99 4.76 4.18 3.31 2.21 0.95 ;4.99 4.90 4.47 3.73 2.72 1.51 0.20 -1.12 -2.36 -3.44 -4.28 -4.81 -5.00 -4.84 -4.33 -3.52 -2.47 -1.23 0.09 1.40 2.62 3.65 4.42 4.88 4.99 4.76 4.18 3.31 2.21 0.95 ;4.99 4.90 4.47 3.73 2.72 1.51 0.20 -1.12 -2.36 -3.44 -4.28 -4.81 -5.00 -4.84 -4.33 -3.52 -2.47 -1.23 0.09 1.40 2.62 3.65 4.42 4.88 4.99 4.76 4.18 3.31 2.21 0.95 ;];
