u34 = [4.71 4.99 4.91 4.48 3.74 2.73 1.53 0.22 -1.10 -2.35 -3.43 -4.27 -4.80 -5.00 -4.84 -4.34 -3.54 -2.48 -1.25 0.07 1.39 2.60 3.64 4.41 4.88 5.00 4.76 4.19 3.32 2.22 ;4.71 4.99 4.91 4.48 3.74 2.73 1.53 0.22 -1.10 -2.35 -3.43 -4.27 -4.80 -5.00 -4.84 -4.34 -3.54 -2.48 -1.25 0.07 1.39 2.60 3.64 4.41 4.88 5.00 4.76 4.19 3.32 2.22 ;4.71 4.99 4.91 4.48 3.74 2.73 1.53 0.22 -1.10 -2.35 -3.43 -4.27 -4.80 -5.00 -4.84 -4.34 -3.54 -2.48 -1.25 0.07 1.39 2.60 3.64 4.41 4.88 5.00 4.76 4.19 3.32 2.22 ;4.71 4.99 4.91 4.48 3.74 2.73 1.53 0.22 -1.10 -2.35 -3.43 -4.27 -4.80 -5.00 -4.84 -4.34 -3.54 -2.48 -1.25 0.07 1.39 2.60 3.64 4.41 4.88 5.00 4.76 4.19 3.32 2.22 ;4.71 4.99 4.91 4.48 3.74 2.73 1.53 0.22 -1.10 -2.35 -3.43 -4.27 -4.80 -5.00 -4.84 -4.34 -3.54 -2.48 -1.25 0.07 1.39 2.60 3.64 4.41 4.88 5.00 4.76 4.19 3.32 2.22 ;4.71 4.99 4.91 4.48 3.74 2.73 1.53 0.22 -1.10 -2.35 -3.43 -4.27 -4.80 -5.00 -4.84 -4.34 -3.54 -2.48 -1.25 0.07 1.39 2.60 3.64 4.41 4.88 5.00 4.76 4.19 3.32 2.22 ;4.71 4.99 4.91 4.48 3.74 2.73 1.53 0.22 -1.10 -2.35 -3.43 -4.27 -4.80 -5.00 -4.84 -4.34 -3.54 -2.48 -1.25 0.07 1.39 2.60 3.64 4.41 4.88 5.00 4.76 4.19 3.32 2.22 ;4.71 4.99 4.91 4.48 3.74 2.73 1.53 0.22 -1.10 -2.35 -3.43 -4.27 -4.80 -5.00 -4.84 -4.34 -3.54 -2.48 -1.25 0.07 1.39 2.60 3.64 4.41 4.88 5.00 4.76 4.19 3.32 2.22 ;4.71 4.99 4.91 4.48 3.74 2.73 1.53 0.22 -1.10 -2.35 -3.43 -4.27 -4.80 -5.00 -4.84 -4.34 -3.54 -2.48 -1.25 0.07 1.39 2.60 3.64 4.41 4.88 5.00 4.76 4.19 3.32 2.22 ;4.71 4.99 4.91 4.48 3.74 2.73 1.53 0.22 -1.10 -2.35 -3.43 -4.27 -4.80 -5.00 -4.84 -4.34 -3.54 -2.48 -1.25 0.07 1.39 2.60 3.64 4.41 4.88 5.00 4.76 4.19 3.32 2.22 ;4.71 4.99 4.91 4.48 3.74 2.73 1.53 0.22 -1.10 -2.35 -3.43 -4.27 -4.80 -5.00 -4.84 -4.34 -3.54 -2.48 -1.25 0.07 1.39 2.60 3.64 4.41 4.88 5.00 4.76 4.19 3.32 2.22 ;4.71 4.99 4.91 4.48 3.74 2.73 1.53 0.22 -1.10 -2.35 -3.43 -4.27 -4.80 -5.00 -4.84 -4.34 -3.54 -2.48 -1.25 0.07 1.39 2.60 3.64 4.41 4.88 5.00 4.76 4.19 3.32 2.22 ;4.71 4.99 4.91 4.48 3.74 2.73 1.53 0.22 -1.10 -2.35 -3.43 -4.27 -4.80 -5.00 -4.84 -4.34 -3.54 -2.48 -1.25 0.07 1.39 2.60 3.64 4.41 4.88 5.00 4.76 4.19 3.32 2.22 ;4.71 4.99 4.91 4.48 3.74 2.73 1.53 0.22 -1.10 -2.35 -3.43 -4.27 -4.80 -5.00 -4.84 -4.34 -3.54 -2.48 -1.25 0.07 1.39 2.60 3.64 4.41 4.88 5.00 4.76 4.19 3.32 2.22 ;4.71 4.99 4.91 4.48 3.74 2.73 1.53 0.22 -1.10 -2.35 -3.43 -4.27 -4.80 -5.00 -4.84 -4.34 -3.54 -2.48 -1.25 0.07 1.39 2.60 3.64 4.41 4.88 5.00 4.76 4.19 3.32 2.22 ;4.71 4.99 4.91 4.48 3.74 2.73 1.53 0.22 -1.10 -2.35 -3.43 -4.27 -4.80 -5.00 -4.84 -4.34 -3.54 -2.48 -1.25 0.07 1.39 2.60 3.64 4.41 4.88 5.00 4.76 4.19 3.32 2.22 ;4.71 4.99 4.91 4.48 3.74 2.73 1.53 0.22 -1.10 -2.35 -3.43 -4.27 -4.80 -5.00 -4.84 -4.34 -3.54 -2.48 -1.25 0.07 1.39 2.60 3.64 4.41 4.88 5.00 4.76 4.19 3.32 2.22 ;4.71 4.99 4.91 4.48 3.74 2.73 1.53 0.22 -1.10 -2.35 -3.43 -4.27 -4.80 -5.00 -4.84 -4.34 -3.54 -2.48 -1.25 0.07 1.39 2.60 3.64 4.41 4.88 5.00 4.76 4.19 3.32 2.22 ;4.71 4.99 4.91 4.48 3.74 2.73 1.53 0.22 -1.10 -2.35 -3.43 -4.27 -4.80 -5.00 -4.84 -4.34 -3.54 -2.48 -1.25 0.07 1.39 2.60 3.64 4.41 4.88 5.00 4.76 4.19 3.32 2.22 ;4.71 4.99 4.91 4.48 3.74 2.73 1.53 0.22 -1.10 -2.35 -3.43 -4.27 -4.80 -5.00 -4.84 -4.34 -3.54 -2.48 -1.25 0.07 1.39 2.60 3.64 4.41 4.88 5.00 4.76 4.19 3.32 2.22 ;4.71 4.99 4.91 4.48 3.74 2.73 1.53 0.22 -1.10 -2.35 -3.43 -4.27 -4.80 -5.00 -4.84 -4.34 -3.54 -2.48 -1.25 0.07 1.39 2.60 3.64 4.41 4.88 5.00 4.76 4.19 3.32 2.22 ;4.71 4.99 4.91 4.48 3.74 2.73 1.53 0.22 -1.10 -2.35 -3.43 -4.27 -4.80 -5.00 -4.84 -4.34 -3.54 -2.48 -1.25 0.07 1.39 2.60 3.64 4.41 4.88 5.00 4.76 4.19 3.32 2.22 ;4.71 4.99 4.91 4.48 3.74 2.73 1.53 0.22 -1.10 -2.35 -3.43 -4.27 -4.80 -5.00 -4.84 -4.34 -3.54 -2.48 -1.25 0.07 1.39 2.60 3.64 4.41 4.88 5.00 4.76 4.19 3.32 2.22 ;4.71 4.99 4.91 4.48 3.74 2.73 1.53 0.22 -1.10 -2.35 -3.43 -4.27 -4.80 -5.00 -4.84 -4.34 -3.54 -2.48 -1.25 0.07 1.39 2.60 3.64 4.41 4.88 5.00 4.76 4.19 3.32 2.22 ;4.71 4.99 4.91 4.48 3.74 2.73 1.53 0.22 -1.10 -2.35 -3.43 -4.27 -4.80 -5.00 -4.84 -4.34 -3.54 -2.48 -1.25 0.07 1.39 2.60 3.64 4.41 4.88 5.00 4.76 4.19 3.32 2.22 ;4.71 4.99 4.91 4.48 3.74 2.73 1.53 0.22 -1.10 -2.35 -3.43 -4.27 -4.80 -5.00 -4.84 -4.34 -3.54 -2.48 -1.25 0.07 1.39 2.60 3.64 4.41 4.88 5.00 4.76 4.19 3.32 2.22 ;4.71 4.99 4.91 4.48 3.74 2.73 1.53 0.22 -1.10 -2.35 -3.43 -4.27 -4.80 -5.00 -4.84 -4.34 -3.54 -2.48 -1.25 0.07 1.39 2.60 3.64 4.41 4.88 5.00 4.76 4.19 3.32 2.22 ;4.71 4.99 4.91 4.48 3.74 2.73 1.53 0.22 -1.10 -2.35 -3.43 -4.27 -4.80 -5.00 -4.84 -4.34 -3.54 -2.48 -1.25 0.07 1.39 2.60 3.64 4.41 4.88 5.00 4.76 4.19 3.32 2.22 ;4.71 4.99 4.91 4.48 3.74 2.73 1.53 0.22 -1.10 -2.35 -3.43 -4.27 -4.80 -5.00 -4.84 -4.34 -3.54 -2.48 -1.25 0.07 1.39 2.60 3.64 4.41 4.88 5.00 4.76 4.19 3.32 2.22 ;4.71 4.99 4.91 4.48 3.74 2.73 1.53 0.22 -1.10 -2.35 -3.43 -4.27 -4.80 -5.00 -4.84 -4.34 -3.54 -2.48 -1.25 0.07 1.39 2.60 3.64 4.41 4.88 5.00 4.76 4.19 3.32 2.22 ;];
