u70 = [3.82 4.54 4.93 4.98 4.67 4.03 3.11 1.97 0.69 -0.64 -1.93 -3.08 -4.01 -4.65 -4.97 -4.94 -4.56 -3.85 -2.87 -1.69 -0.39 0.93 2.19 3.30 4.17 4.75 4.99 4.88 4.43 3.66 ;3.82 4.54 4.93 4.98 4.67 4.03 3.11 1.97 0.69 -0.64 -1.93 -3.08 -4.01 -4.65 -4.97 -4.94 -4.56 -3.85 -2.87 -1.69 -0.39 0.93 2.19 3.30 4.17 4.75 4.99 4.88 4.43 3.66 ;3.82 4.54 4.93 4.98 4.67 4.03 3.11 1.97 0.69 -0.64 -1.93 -3.08 -4.01 -4.65 -4.97 -4.94 -4.56 -3.85 -2.87 -1.69 -0.39 0.93 2.19 3.30 4.17 4.75 4.99 4.88 4.43 3.66 ;3.82 4.54 4.93 4.98 4.67 4.03 3.11 1.97 0.69 -0.64 -1.93 -3.08 -4.01 -4.65 -4.97 -4.94 -4.56 -3.85 -2.87 -1.69 -0.39 0.93 2.19 3.30 4.17 4.75 4.99 4.88 4.43 3.66 ;3.82 4.54 4.93 4.98 4.67 4.03 3.11 1.97 0.69 -0.64 -1.93 -3.08 -4.01 -4.65 -4.97 -4.94 -4.56 -3.85 -2.87 -1.69 -0.39 0.93 2.19 3.30 4.17 4.75 4.99 4.88 4.43 3.66 ;3.82 4.54 4.93 4.98 4.67 4.03 3.11 1.97 0.69 -0.64 -1.93 -3.08 -4.01 -4.65 -4.97 -4.94 -4.56 -3.85 -2.87 -1.69 -0.39 0.93 2.19 3.30 4.17 4.75 4.99 4.88 4.43 3.66 ;3.82 4.54 4.93 4.98 4.67 4.03 3.11 1.97 0.69 -0.64 -1.93 -3.08 -4.01 -4.65 -4.97 -4.94 -4.56 -3.85 -2.87 -1.69 -0.39 0.93 2.19 3.30 4.17 4.75 4.99 4.88 4.43 3.66 ;3.82 4.54 4.93 4.98 4.67 4.03 3.11 1.97 0.69 -0.64 -1.93 -3.08 -4.01 -4.65 -4.97 -4.94 -4.56 -3.85 -2.87 -1.69 -0.39 0.93 2.19 3.30 4.17 4.75 4.99 4.88 4.43 3.66 ;3.82 4.54 4.93 4.98 4.67 4.03 3.11 1.97 0.69 -0.64 -1.93 -3.08 -4.01 -4.65 -4.97 -4.94 -4.56 -3.85 -2.87 -1.69 -0.39 0.93 2.19 3.30 4.17 4.75 4.99 4.88 4.43 3.66 ;3.82 4.54 4.93 4.98 4.67 4.03 3.11 1.97 0.69 -0.64 -1.93 -3.08 -4.01 -4.65 -4.97 -4.94 -4.56 -3.85 -2.87 -1.69 -0.39 0.93 2.19 3.30 4.17 4.75 4.99 4.88 4.43 3.66 ;3.82 4.54 4.93 4.98 4.67 4.03 3.11 1.97 0.69 -0.64 -1.93 -3.08 -4.01 -4.65 -4.97 -4.94 -4.56 -3.85 -2.87 -1.69 -0.39 0.93 2.19 3.30 4.17 4.75 4.99 4.88 4.43 3.66 ;3.82 4.54 4.93 4.98 4.67 4.03 3.11 1.97 0.69 -0.64 -1.93 -3.08 -4.01 -4.65 -4.97 -4.94 -4.56 -3.85 -2.87 -1.69 -0.39 0.93 2.19 3.30 4.17 4.75 4.99 4.88 4.43 3.66 ;3.82 4.54 4.93 4.98 4.67 4.03 3.11 1.97 0.69 -0.64 -1.93 -3.08 -4.01 -4.65 -4.97 -4.94 -4.56 -3.85 -2.87 -1.69 -0.39 0.93 2.19 3.30 4.17 4.75 4.99 4.88 4.43 3.66 ;3.82 4.54 4.93 4.98 4.67 4.03 3.11 1.97 0.69 -0.64 -1.93 -3.08 -4.01 -4.65 -4.97 -4.94 -4.56 -3.85 -2.87 -1.69 -0.39 0.93 2.19 3.30 4.17 4.75 4.99 4.88 4.43 3.66 ;3.82 4.54 4.93 4.98 4.67 4.03 3.11 1.97 0.69 -0.64 -1.93 -3.08 -4.01 -4.65 -4.97 -4.94 -4.56 -3.85 -2.87 -1.69 -0.39 0.93 2.19 3.30 4.17 4.75 4.99 4.88 4.43 3.66 ;3.82 4.54 4.93 4.98 4.67 4.03 3.11 1.97 0.69 -0.64 -1.93 -3.08 -4.01 -4.65 -4.97 -4.94 -4.56 -3.85 -2.87 -1.69 -0.39 0.93 2.19 3.30 4.17 4.75 4.99 4.88 4.43 3.66 ;3.82 4.54 4.93 4.98 4.67 4.03 3.11 1.97 0.69 -0.64 -1.93 -3.08 -4.01 -4.65 -4.97 -4.94 -4.56 -3.85 -2.87 -1.69 -0.39 0.93 2.19 3.30 4.17 4.75 4.99 4.88 4.43 3.66 ;3.82 4.54 4.93 4.98 4.67 4.03 3.11 1.97 0.69 -0.64 -1.93 -3.08 -4.01 -4.65 -4.97 -4.94 -4.56 -3.85 -2.87 -1.69 -0.39 0.93 2.19 3.30 4.17 4.75 4.99 4.88 4.43 3.66 ;3.82 4.54 4.93 4.98 4.67 4.03 3.11 1.97 0.69 -0.64 -1.93 -3.08 -4.01 -4.65 -4.97 -4.94 -4.56 -3.85 -2.87 -1.69 -0.39 0.93 2.19 3.30 4.17 4.75 4.99 4.88 4.43 3.66 ;3.82 4.54 4.93 4.98 4.67 4.03 3.11 1.97 0.69 -0.64 -1.93 -3.08 -4.01 -4.65 -4.97 -4.94 -4.56 -3.85 -2.87 -1.69 -0.39 0.93 2.19 3.30 4.17 4.75 4.99 4.88 4.43 3.66 ;3.82 4.54 4.93 4.98 4.67 4.03 3.11 1.97 0.69 -0.64 -1.93 -3.08 -4.01 -4.65 -4.97 -4.94 -4.56 -3.85 -2.87 -1.69 -0.39 0.93 2.19 3.30 4.17 4.75 4.99 4.88 4.43 3.66 ;3.82 4.54 4.93 4.98 4.67 4.03 3.11 1.97 0.69 -0.64 -1.93 -3.08 -4.01 -4.65 -4.97 -4.94 -4.56 -3.85 -2.87 -1.69 -0.39 0.93 2.19 3.30 4.17 4.75 4.99 4.88 4.43 3.66 ;3.82 4.54 4.93 4.98 4.67 4.03 3.11 1.97 0.69 -0.64 -1.93 -3.08 -4.01 -4.65 -4.97 -4.94 -4.56 -3.85 -2.87 -1.69 -0.39 0.93 2.19 3.30 4.17 4.75 4.99 4.88 4.43 3.66 ;3.82 4.54 4.93 4.98 4.67 4.03 3.11 1.97 0.69 -0.64 -1.93 -3.08 -4.01 -4.65 -4.97 -4.94 -4.56 -3.85 -2.87 -1.69 -0.39 0.93 2.19 3.30 4.17 4.75 4.99 4.88 4.43 3.66 ;3.82 4.54 4.93 4.98 4.67 4.03 3.11 1.97 0.69 -0.64 -1.93 -3.08 -4.01 -4.65 -4.97 -4.94 -4.56 -3.85 -2.87 -1.69 -0.39 0.93 2.19 3.30 4.17 4.75 4.99 4.88 4.43 3.66 ;3.82 4.54 4.93 4.98 4.67 4.03 3.11 1.97 0.69 -0.64 -1.93 -3.08 -4.01 -4.65 -4.97 -4.94 -4.56 -3.85 -2.87 -1.69 -0.39 0.93 2.19 3.30 4.17 4.75 4.99 4.88 4.43 3.66 ;3.82 4.54 4.93 4.98 4.67 4.03 3.11 1.97 0.69 -0.64 -1.93 -3.08 -4.01 -4.65 -4.97 -4.94 -4.56 -3.85 -2.87 -1.69 -0.39 0.93 2.19 3.30 4.17 4.75 4.99 4.88 4.43 3.66 ;3.82 4.54 4.93 4.98 4.67 4.03 3.11 1.97 0.69 -0.64 -1.93 -3.08 -4.01 -4.65 -4.97 -4.94 -4.56 -3.85 -2.87 -1.69 -0.39 0.93 2.19 3.30 4.17 4.75 4.99 4.88 4.43 3.66 ;3.82 4.54 4.93 4.98 4.67 4.03 3.11 1.97 0.69 -0.64 -1.93 -3.08 -4.01 -4.65 -4.97 -4.94 -4.56 -3.85 -2.87 -1.69 -0.39 0.93 2.19 3.30 4.17 4.75 4.99 4.88 4.43 3.66 ;3.82 4.54 4.93 4.98 4.67 4.03 3.11 1.97 0.69 -0.64 -1.93 -3.08 -4.01 -4.65 -4.97 -4.94 -4.56 -3.85 -2.87 -1.69 -0.39 0.93 2.19 3.30 4.17 4.75 4.99 4.88 4.43 3.66 ;];
