u77 = [3.59 4.38 4.86 5.00 4.78 4.23 3.37 2.28 1.03 -0.30 -1.60 -2.79 -3.79 -4.51 -4.92 -4.98 -4.69 -4.06 -3.15 -2.02 -0.74 0.59 1.87 3.03 3.97 4.63 4.96 4.95 4.58 3.89 ;3.59 4.38 4.86 5.00 4.78 4.23 3.37 2.28 1.03 -0.30 -1.60 -2.79 -3.79 -4.51 -4.92 -4.98 -4.69 -4.06 -3.15 -2.02 -0.74 0.59 1.87 3.03 3.97 4.63 4.96 4.95 4.58 3.89 ;3.59 4.38 4.86 5.00 4.78 4.23 3.37 2.28 1.03 -0.30 -1.60 -2.79 -3.79 -4.51 -4.92 -4.98 -4.69 -4.06 -3.15 -2.02 -0.74 0.59 1.87 3.03 3.97 4.63 4.96 4.95 4.58 3.89 ;3.59 4.38 4.86 5.00 4.78 4.23 3.37 2.28 1.03 -0.30 -1.60 -2.79 -3.79 -4.51 -4.92 -4.98 -4.69 -4.06 -3.15 -2.02 -0.74 0.59 1.87 3.03 3.97 4.63 4.96 4.95 4.58 3.89 ;3.59 4.38 4.86 5.00 4.78 4.23 3.37 2.28 1.03 -0.30 -1.60 -2.79 -3.79 -4.51 -4.92 -4.98 -4.69 -4.06 -3.15 -2.02 -0.74 0.59 1.87 3.03 3.97 4.63 4.96 4.95 4.58 3.89 ;3.59 4.38 4.86 5.00 4.78 4.23 3.37 2.28 1.03 -0.30 -1.60 -2.79 -3.79 -4.51 -4.92 -4.98 -4.69 -4.06 -3.15 -2.02 -0.74 0.59 1.87 3.03 3.97 4.63 4.96 4.95 4.58 3.89 ;3.59 4.38 4.86 5.00 4.78 4.23 3.37 2.28 1.03 -0.30 -1.60 -2.79 -3.79 -4.51 -4.92 -4.98 -4.69 -4.06 -3.15 -2.02 -0.74 0.59 1.87 3.03 3.97 4.63 4.96 4.95 4.58 3.89 ;3.59 4.38 4.86 5.00 4.78 4.23 3.37 2.28 1.03 -0.30 -1.60 -2.79 -3.79 -4.51 -4.92 -4.98 -4.69 -4.06 -3.15 -2.02 -0.74 0.59 1.87 3.03 3.97 4.63 4.96 4.95 4.58 3.89 ;3.59 4.38 4.86 5.00 4.78 4.23 3.37 2.28 1.03 -0.30 -1.60 -2.79 -3.79 -4.51 -4.92 -4.98 -4.69 -4.06 -3.15 -2.02 -0.74 0.59 1.87 3.03 3.97 4.63 4.96 4.95 4.58 3.89 ;3.59 4.38 4.86 5.00 4.78 4.23 3.37 2.28 1.03 -0.30 -1.60 -2.79 -3.79 -4.51 -4.92 -4.98 -4.69 -4.06 -3.15 -2.02 -0.74 0.59 1.87 3.03 3.97 4.63 4.96 4.95 4.58 3.89 ;3.59 4.38 4.86 5.00 4.78 4.23 3.37 2.28 1.03 -0.30 -1.60 -2.79 -3.79 -4.51 -4.92 -4.98 -4.69 -4.06 -3.15 -2.02 -0.74 0.59 1.87 3.03 3.97 4.63 4.96 4.95 4.58 3.89 ;3.59 4.38 4.86 5.00 4.78 4.23 3.37 2.28 1.03 -0.30 -1.60 -2.79 -3.79 -4.51 -4.92 -4.98 -4.69 -4.06 -3.15 -2.02 -0.74 0.59 1.87 3.03 3.97 4.63 4.96 4.95 4.58 3.89 ;3.59 4.38 4.86 5.00 4.78 4.23 3.37 2.28 1.03 -0.30 -1.60 -2.79 -3.79 -4.51 -4.92 -4.98 -4.69 -4.06 -3.15 -2.02 -0.74 0.59 1.87 3.03 3.97 4.63 4.96 4.95 4.58 3.89 ;3.59 4.38 4.86 5.00 4.78 4.23 3.37 2.28 1.03 -0.30 -1.60 -2.79 -3.79 -4.51 -4.92 -4.98 -4.69 -4.06 -3.15 -2.02 -0.74 0.59 1.87 3.03 3.97 4.63 4.96 4.95 4.58 3.89 ;3.59 4.38 4.86 5.00 4.78 4.23 3.37 2.28 1.03 -0.30 -1.60 -2.79 -3.79 -4.51 -4.92 -4.98 -4.69 -4.06 -3.15 -2.02 -0.74 0.59 1.87 3.03 3.97 4.63 4.96 4.95 4.58 3.89 ;3.59 4.38 4.86 5.00 4.78 4.23 3.37 2.28 1.03 -0.30 -1.60 -2.79 -3.79 -4.51 -4.92 -4.98 -4.69 -4.06 -3.15 -2.02 -0.74 0.59 1.87 3.03 3.97 4.63 4.96 4.95 4.58 3.89 ;3.59 4.38 4.86 5.00 4.78 4.23 3.37 2.28 1.03 -0.30 -1.60 -2.79 -3.79 -4.51 -4.92 -4.98 -4.69 -4.06 -3.15 -2.02 -0.74 0.59 1.87 3.03 3.97 4.63 4.96 4.95 4.58 3.89 ;3.59 4.38 4.86 5.00 4.78 4.23 3.37 2.28 1.03 -0.30 -1.60 -2.79 -3.79 -4.51 -4.92 -4.98 -4.69 -4.06 -3.15 -2.02 -0.74 0.59 1.87 3.03 3.97 4.63 4.96 4.95 4.58 3.89 ;3.59 4.38 4.86 5.00 4.78 4.23 3.37 2.28 1.03 -0.30 -1.60 -2.79 -3.79 -4.51 -4.92 -4.98 -4.69 -4.06 -3.15 -2.02 -0.74 0.59 1.87 3.03 3.97 4.63 4.96 4.95 4.58 3.89 ;3.59 4.38 4.86 5.00 4.78 4.23 3.37 2.28 1.03 -0.30 -1.60 -2.79 -3.79 -4.51 -4.92 -4.98 -4.69 -4.06 -3.15 -2.02 -0.74 0.59 1.87 3.03 3.97 4.63 4.96 4.95 4.58 3.89 ;3.59 4.38 4.86 5.00 4.78 4.23 3.37 2.28 1.03 -0.30 -1.60 -2.79 -3.79 -4.51 -4.92 -4.98 -4.69 -4.06 -3.15 -2.02 -0.74 0.59 1.87 3.03 3.97 4.63 4.96 4.95 4.58 3.89 ;3.59 4.38 4.86 5.00 4.78 4.23 3.37 2.28 1.03 -0.30 -1.60 -2.79 -3.79 -4.51 -4.92 -4.98 -4.69 -4.06 -3.15 -2.02 -0.74 0.59 1.87 3.03 3.97 4.63 4.96 4.95 4.58 3.89 ;3.59 4.38 4.86 5.00 4.78 4.23 3.37 2.28 1.03 -0.30 -1.60 -2.79 -3.79 -4.51 -4.92 -4.98 -4.69 -4.06 -3.15 -2.02 -0.74 0.59 1.87 3.03 3.97 4.63 4.96 4.95 4.58 3.89 ;3.59 4.38 4.86 5.00 4.78 4.23 3.37 2.28 1.03 -0.30 -1.60 -2.79 -3.79 -4.51 -4.92 -4.98 -4.69 -4.06 -3.15 -2.02 -0.74 0.59 1.87 3.03 3.97 4.63 4.96 4.95 4.58 3.89 ;3.59 4.38 4.86 5.00 4.78 4.23 3.37 2.28 1.03 -0.30 -1.60 -2.79 -3.79 -4.51 -4.92 -4.98 -4.69 -4.06 -3.15 -2.02 -0.74 0.59 1.87 3.03 3.97 4.63 4.96 4.95 4.58 3.89 ;3.59 4.38 4.86 5.00 4.78 4.23 3.37 2.28 1.03 -0.30 -1.60 -2.79 -3.79 -4.51 -4.92 -4.98 -4.69 -4.06 -3.15 -2.02 -0.74 0.59 1.87 3.03 3.97 4.63 4.96 4.95 4.58 3.89 ;3.59 4.38 4.86 5.00 4.78 4.23 3.37 2.28 1.03 -0.30 -1.60 -2.79 -3.79 -4.51 -4.92 -4.98 -4.69 -4.06 -3.15 -2.02 -0.74 0.59 1.87 3.03 3.97 4.63 4.96 4.95 4.58 3.89 ;3.59 4.38 4.86 5.00 4.78 4.23 3.37 2.28 1.03 -0.30 -1.60 -2.79 -3.79 -4.51 -4.92 -4.98 -4.69 -4.06 -3.15 -2.02 -0.74 0.59 1.87 3.03 3.97 4.63 4.96 4.95 4.58 3.89 ;3.59 4.38 4.86 5.00 4.78 4.23 3.37 2.28 1.03 -0.30 -1.60 -2.79 -3.79 -4.51 -4.92 -4.98 -4.69 -4.06 -3.15 -2.02 -0.74 0.59 1.87 3.03 3.97 4.63 4.96 4.95 4.58 3.89 ;3.59 4.38 4.86 5.00 4.78 4.23 3.37 2.28 1.03 -0.30 -1.60 -2.79 -3.79 -4.51 -4.92 -4.98 -4.69 -4.06 -3.15 -2.02 -0.74 0.59 1.87 3.03 3.97 4.63 4.96 4.95 4.58 3.89 ;];
