u45 = [4.50 4.92 4.98 4.70 4.08 3.17 2.04 0.77 -0.56 -1.85 -3.01 -3.96 -4.62 -4.96 -4.95 -4.59 -3.90 -2.94 -1.77 -0.48 0.85 2.12 3.24 4.13 4.73 4.99 4.90 4.47 3.71 2.70 ;4.50 4.92 4.98 4.70 4.08 3.17 2.04 0.77 -0.56 -1.85 -3.01 -3.96 -4.62 -4.96 -4.95 -4.59 -3.90 -2.94 -1.77 -0.48 0.85 2.12 3.24 4.13 4.73 4.99 4.90 4.47 3.71 2.70 ;4.50 4.92 4.98 4.70 4.08 3.17 2.04 0.77 -0.56 -1.85 -3.01 -3.96 -4.62 -4.96 -4.95 -4.59 -3.90 -2.94 -1.77 -0.48 0.85 2.12 3.24 4.13 4.73 4.99 4.90 4.47 3.71 2.70 ;4.50 4.92 4.98 4.70 4.08 3.17 2.04 0.77 -0.56 -1.85 -3.01 -3.96 -4.62 -4.96 -4.95 -4.59 -3.90 -2.94 -1.77 -0.48 0.85 2.12 3.24 4.13 4.73 4.99 4.90 4.47 3.71 2.70 ;4.50 4.92 4.98 4.70 4.08 3.17 2.04 0.77 -0.56 -1.85 -3.01 -3.96 -4.62 -4.96 -4.95 -4.59 -3.90 -2.94 -1.77 -0.48 0.85 2.12 3.24 4.13 4.73 4.99 4.90 4.47 3.71 2.70 ;4.50 4.92 4.98 4.70 4.08 3.17 2.04 0.77 -0.56 -1.85 -3.01 -3.96 -4.62 -4.96 -4.95 -4.59 -3.90 -2.94 -1.77 -0.48 0.85 2.12 3.24 4.13 4.73 4.99 4.90 4.47 3.71 2.70 ;4.50 4.92 4.98 4.70 4.08 3.17 2.04 0.77 -0.56 -1.85 -3.01 -3.96 -4.62 -4.96 -4.95 -4.59 -3.90 -2.94 -1.77 -0.48 0.85 2.12 3.24 4.13 4.73 4.99 4.90 4.47 3.71 2.70 ;4.50 4.92 4.98 4.70 4.08 3.17 2.04 0.77 -0.56 -1.85 -3.01 -3.96 -4.62 -4.96 -4.95 -4.59 -3.90 -2.94 -1.77 -0.48 0.85 2.12 3.24 4.13 4.73 4.99 4.90 4.47 3.71 2.70 ;4.50 4.92 4.98 4.70 4.08 3.17 2.04 0.77 -0.56 -1.85 -3.01 -3.96 -4.62 -4.96 -4.95 -4.59 -3.90 -2.94 -1.77 -0.48 0.85 2.12 3.24 4.13 4.73 4.99 4.90 4.47 3.71 2.70 ;4.50 4.92 4.98 4.70 4.08 3.17 2.04 0.77 -0.56 -1.85 -3.01 -3.96 -4.62 -4.96 -4.95 -4.59 -3.90 -2.94 -1.77 -0.48 0.85 2.12 3.24 4.13 4.73 4.99 4.90 4.47 3.71 2.70 ;4.50 4.92 4.98 4.70 4.08 3.17 2.04 0.77 -0.56 -1.85 -3.01 -3.96 -4.62 -4.96 -4.95 -4.59 -3.90 -2.94 -1.77 -0.48 0.85 2.12 3.24 4.13 4.73 4.99 4.90 4.47 3.71 2.70 ;4.50 4.92 4.98 4.70 4.08 3.17 2.04 0.77 -0.56 -1.85 -3.01 -3.96 -4.62 -4.96 -4.95 -4.59 -3.90 -2.94 -1.77 -0.48 0.85 2.12 3.24 4.13 4.73 4.99 4.90 4.47 3.71 2.70 ;4.50 4.92 4.98 4.70 4.08 3.17 2.04 0.77 -0.56 -1.85 -3.01 -3.96 -4.62 -4.96 -4.95 -4.59 -3.90 -2.94 -1.77 -0.48 0.85 2.12 3.24 4.13 4.73 4.99 4.90 4.47 3.71 2.70 ;4.50 4.92 4.98 4.70 4.08 3.17 2.04 0.77 -0.56 -1.85 -3.01 -3.96 -4.62 -4.96 -4.95 -4.59 -3.90 -2.94 -1.77 -0.48 0.85 2.12 3.24 4.13 4.73 4.99 4.90 4.47 3.71 2.70 ;4.50 4.92 4.98 4.70 4.08 3.17 2.04 0.77 -0.56 -1.85 -3.01 -3.96 -4.62 -4.96 -4.95 -4.59 -3.90 -2.94 -1.77 -0.48 0.85 2.12 3.24 4.13 4.73 4.99 4.90 4.47 3.71 2.70 ;4.50 4.92 4.98 4.70 4.08 3.17 2.04 0.77 -0.56 -1.85 -3.01 -3.96 -4.62 -4.96 -4.95 -4.59 -3.90 -2.94 -1.77 -0.48 0.85 2.12 3.24 4.13 4.73 4.99 4.90 4.47 3.71 2.70 ;4.50 4.92 4.98 4.70 4.08 3.17 2.04 0.77 -0.56 -1.85 -3.01 -3.96 -4.62 -4.96 -4.95 -4.59 -3.90 -2.94 -1.77 -0.48 0.85 2.12 3.24 4.13 4.73 4.99 4.90 4.47 3.71 2.70 ;4.50 4.92 4.98 4.70 4.08 3.17 2.04 0.77 -0.56 -1.85 -3.01 -3.96 -4.62 -4.96 -4.95 -4.59 -3.90 -2.94 -1.77 -0.48 0.85 2.12 3.24 4.13 4.73 4.99 4.90 4.47 3.71 2.70 ;4.50 4.92 4.98 4.70 4.08 3.17 2.04 0.77 -0.56 -1.85 -3.01 -3.96 -4.62 -4.96 -4.95 -4.59 -3.90 -2.94 -1.77 -0.48 0.85 2.12 3.24 4.13 4.73 4.99 4.90 4.47 3.71 2.70 ;4.50 4.92 4.98 4.70 4.08 3.17 2.04 0.77 -0.56 -1.85 -3.01 -3.96 -4.62 -4.96 -4.95 -4.59 -3.90 -2.94 -1.77 -0.48 0.85 2.12 3.24 4.13 4.73 4.99 4.90 4.47 3.71 2.70 ;4.50 4.92 4.98 4.70 4.08 3.17 2.04 0.77 -0.56 -1.85 -3.01 -3.96 -4.62 -4.96 -4.95 -4.59 -3.90 -2.94 -1.77 -0.48 0.85 2.12 3.24 4.13 4.73 4.99 4.90 4.47 3.71 2.70 ;4.50 4.92 4.98 4.70 4.08 3.17 2.04 0.77 -0.56 -1.85 -3.01 -3.96 -4.62 -4.96 -4.95 -4.59 -3.90 -2.94 -1.77 -0.48 0.85 2.12 3.24 4.13 4.73 4.99 4.90 4.47 3.71 2.70 ;4.50 4.92 4.98 4.70 4.08 3.17 2.04 0.77 -0.56 -1.85 -3.01 -3.96 -4.62 -4.96 -4.95 -4.59 -3.90 -2.94 -1.77 -0.48 0.85 2.12 3.24 4.13 4.73 4.99 4.90 4.47 3.71 2.70 ;4.50 4.92 4.98 4.70 4.08 3.17 2.04 0.77 -0.56 -1.85 -3.01 -3.96 -4.62 -4.96 -4.95 -4.59 -3.90 -2.94 -1.77 -0.48 0.85 2.12 3.24 4.13 4.73 4.99 4.90 4.47 3.71 2.70 ;4.50 4.92 4.98 4.70 4.08 3.17 2.04 0.77 -0.56 -1.85 -3.01 -3.96 -4.62 -4.96 -4.95 -4.59 -3.90 -2.94 -1.77 -0.48 0.85 2.12 3.24 4.13 4.73 4.99 4.90 4.47 3.71 2.70 ;4.50 4.92 4.98 4.70 4.08 3.17 2.04 0.77 -0.56 -1.85 -3.01 -3.96 -4.62 -4.96 -4.95 -4.59 -3.90 -2.94 -1.77 -0.48 0.85 2.12 3.24 4.13 4.73 4.99 4.90 4.47 3.71 2.70 ;4.50 4.92 4.98 4.70 4.08 3.17 2.04 0.77 -0.56 -1.85 -3.01 -3.96 -4.62 -4.96 -4.95 -4.59 -3.90 -2.94 -1.77 -0.48 0.85 2.12 3.24 4.13 4.73 4.99 4.90 4.47 3.71 2.70 ;4.50 4.92 4.98 4.70 4.08 3.17 2.04 0.77 -0.56 -1.85 -3.01 -3.96 -4.62 -4.96 -4.95 -4.59 -3.90 -2.94 -1.77 -0.48 0.85 2.12 3.24 4.13 4.73 4.99 4.90 4.47 3.71 2.70 ;4.50 4.92 4.98 4.70 4.08 3.17 2.04 0.77 -0.56 -1.85 -3.01 -3.96 -4.62 -4.96 -4.95 -4.59 -3.90 -2.94 -1.77 -0.48 0.85 2.12 3.24 4.13 4.73 4.99 4.90 4.47 3.71 2.70 ;4.50 4.92 4.98 4.70 4.08 3.17 2.04 0.77 -0.56 -1.85 -3.01 -3.96 -4.62 -4.96 -4.95 -4.59 -3.90 -2.94 -1.77 -0.48 0.85 2.12 3.24 4.13 4.73 4.99 4.90 4.47 3.71 2.70 ;];
