u71 = [3.79 4.52 4.92 4.98 4.69 4.06 3.15 2.01 0.73 -0.59 -1.88 -3.04 -3.98 -4.63 -4.97 -4.95 -4.58 -3.88 -2.91 -1.74 -0.44 0.88 2.15 3.26 4.15 4.74 4.99 4.89 4.45 3.69 ;3.79 4.52 4.92 4.98 4.69 4.06 3.15 2.01 0.73 -0.59 -1.88 -3.04 -3.98 -4.63 -4.97 -4.95 -4.58 -3.88 -2.91 -1.74 -0.44 0.88 2.15 3.26 4.15 4.74 4.99 4.89 4.45 3.69 ;3.79 4.52 4.92 4.98 4.69 4.06 3.15 2.01 0.73 -0.59 -1.88 -3.04 -3.98 -4.63 -4.97 -4.95 -4.58 -3.88 -2.91 -1.74 -0.44 0.88 2.15 3.26 4.15 4.74 4.99 4.89 4.45 3.69 ;3.79 4.52 4.92 4.98 4.69 4.06 3.15 2.01 0.73 -0.59 -1.88 -3.04 -3.98 -4.63 -4.97 -4.95 -4.58 -3.88 -2.91 -1.74 -0.44 0.88 2.15 3.26 4.15 4.74 4.99 4.89 4.45 3.69 ;3.79 4.52 4.92 4.98 4.69 4.06 3.15 2.01 0.73 -0.59 -1.88 -3.04 -3.98 -4.63 -4.97 -4.95 -4.58 -3.88 -2.91 -1.74 -0.44 0.88 2.15 3.26 4.15 4.74 4.99 4.89 4.45 3.69 ;3.79 4.52 4.92 4.98 4.69 4.06 3.15 2.01 0.73 -0.59 -1.88 -3.04 -3.98 -4.63 -4.97 -4.95 -4.58 -3.88 -2.91 -1.74 -0.44 0.88 2.15 3.26 4.15 4.74 4.99 4.89 4.45 3.69 ;3.79 4.52 4.92 4.98 4.69 4.06 3.15 2.01 0.73 -0.59 -1.88 -3.04 -3.98 -4.63 -4.97 -4.95 -4.58 -3.88 -2.91 -1.74 -0.44 0.88 2.15 3.26 4.15 4.74 4.99 4.89 4.45 3.69 ;3.79 4.52 4.92 4.98 4.69 4.06 3.15 2.01 0.73 -0.59 -1.88 -3.04 -3.98 -4.63 -4.97 -4.95 -4.58 -3.88 -2.91 -1.74 -0.44 0.88 2.15 3.26 4.15 4.74 4.99 4.89 4.45 3.69 ;3.79 4.52 4.92 4.98 4.69 4.06 3.15 2.01 0.73 -0.59 -1.88 -3.04 -3.98 -4.63 -4.97 -4.95 -4.58 -3.88 -2.91 -1.74 -0.44 0.88 2.15 3.26 4.15 4.74 4.99 4.89 4.45 3.69 ;3.79 4.52 4.92 4.98 4.69 4.06 3.15 2.01 0.73 -0.59 -1.88 -3.04 -3.98 -4.63 -4.97 -4.95 -4.58 -3.88 -2.91 -1.74 -0.44 0.88 2.15 3.26 4.15 4.74 4.99 4.89 4.45 3.69 ;3.79 4.52 4.92 4.98 4.69 4.06 3.15 2.01 0.73 -0.59 -1.88 -3.04 -3.98 -4.63 -4.97 -4.95 -4.58 -3.88 -2.91 -1.74 -0.44 0.88 2.15 3.26 4.15 4.74 4.99 4.89 4.45 3.69 ;3.79 4.52 4.92 4.98 4.69 4.06 3.15 2.01 0.73 -0.59 -1.88 -3.04 -3.98 -4.63 -4.97 -4.95 -4.58 -3.88 -2.91 -1.74 -0.44 0.88 2.15 3.26 4.15 4.74 4.99 4.89 4.45 3.69 ;3.79 4.52 4.92 4.98 4.69 4.06 3.15 2.01 0.73 -0.59 -1.88 -3.04 -3.98 -4.63 -4.97 -4.95 -4.58 -3.88 -2.91 -1.74 -0.44 0.88 2.15 3.26 4.15 4.74 4.99 4.89 4.45 3.69 ;3.79 4.52 4.92 4.98 4.69 4.06 3.15 2.01 0.73 -0.59 -1.88 -3.04 -3.98 -4.63 -4.97 -4.95 -4.58 -3.88 -2.91 -1.74 -0.44 0.88 2.15 3.26 4.15 4.74 4.99 4.89 4.45 3.69 ;3.79 4.52 4.92 4.98 4.69 4.06 3.15 2.01 0.73 -0.59 -1.88 -3.04 -3.98 -4.63 -4.97 -4.95 -4.58 -3.88 -2.91 -1.74 -0.44 0.88 2.15 3.26 4.15 4.74 4.99 4.89 4.45 3.69 ;3.79 4.52 4.92 4.98 4.69 4.06 3.15 2.01 0.73 -0.59 -1.88 -3.04 -3.98 -4.63 -4.97 -4.95 -4.58 -3.88 -2.91 -1.74 -0.44 0.88 2.15 3.26 4.15 4.74 4.99 4.89 4.45 3.69 ;3.79 4.52 4.92 4.98 4.69 4.06 3.15 2.01 0.73 -0.59 -1.88 -3.04 -3.98 -4.63 -4.97 -4.95 -4.58 -3.88 -2.91 -1.74 -0.44 0.88 2.15 3.26 4.15 4.74 4.99 4.89 4.45 3.69 ;3.79 4.52 4.92 4.98 4.69 4.06 3.15 2.01 0.73 -0.59 -1.88 -3.04 -3.98 -4.63 -4.97 -4.95 -4.58 -3.88 -2.91 -1.74 -0.44 0.88 2.15 3.26 4.15 4.74 4.99 4.89 4.45 3.69 ;3.79 4.52 4.92 4.98 4.69 4.06 3.15 2.01 0.73 -0.59 -1.88 -3.04 -3.98 -4.63 -4.97 -4.95 -4.58 -3.88 -2.91 -1.74 -0.44 0.88 2.15 3.26 4.15 4.74 4.99 4.89 4.45 3.69 ;3.79 4.52 4.92 4.98 4.69 4.06 3.15 2.01 0.73 -0.59 -1.88 -3.04 -3.98 -4.63 -4.97 -4.95 -4.58 -3.88 -2.91 -1.74 -0.44 0.88 2.15 3.26 4.15 4.74 4.99 4.89 4.45 3.69 ;3.79 4.52 4.92 4.98 4.69 4.06 3.15 2.01 0.73 -0.59 -1.88 -3.04 -3.98 -4.63 -4.97 -4.95 -4.58 -3.88 -2.91 -1.74 -0.44 0.88 2.15 3.26 4.15 4.74 4.99 4.89 4.45 3.69 ;3.79 4.52 4.92 4.98 4.69 4.06 3.15 2.01 0.73 -0.59 -1.88 -3.04 -3.98 -4.63 -4.97 -4.95 -4.58 -3.88 -2.91 -1.74 -0.44 0.88 2.15 3.26 4.15 4.74 4.99 4.89 4.45 3.69 ;3.79 4.52 4.92 4.98 4.69 4.06 3.15 2.01 0.73 -0.59 -1.88 -3.04 -3.98 -4.63 -4.97 -4.95 -4.58 -3.88 -2.91 -1.74 -0.44 0.88 2.15 3.26 4.15 4.74 4.99 4.89 4.45 3.69 ;3.79 4.52 4.92 4.98 4.69 4.06 3.15 2.01 0.73 -0.59 -1.88 -3.04 -3.98 -4.63 -4.97 -4.95 -4.58 -3.88 -2.91 -1.74 -0.44 0.88 2.15 3.26 4.15 4.74 4.99 4.89 4.45 3.69 ;3.79 4.52 4.92 4.98 4.69 4.06 3.15 2.01 0.73 -0.59 -1.88 -3.04 -3.98 -4.63 -4.97 -4.95 -4.58 -3.88 -2.91 -1.74 -0.44 0.88 2.15 3.26 4.15 4.74 4.99 4.89 4.45 3.69 ;3.79 4.52 4.92 4.98 4.69 4.06 3.15 2.01 0.73 -0.59 -1.88 -3.04 -3.98 -4.63 -4.97 -4.95 -4.58 -3.88 -2.91 -1.74 -0.44 0.88 2.15 3.26 4.15 4.74 4.99 4.89 4.45 3.69 ;3.79 4.52 4.92 4.98 4.69 4.06 3.15 2.01 0.73 -0.59 -1.88 -3.04 -3.98 -4.63 -4.97 -4.95 -4.58 -3.88 -2.91 -1.74 -0.44 0.88 2.15 3.26 4.15 4.74 4.99 4.89 4.45 3.69 ;3.79 4.52 4.92 4.98 4.69 4.06 3.15 2.01 0.73 -0.59 -1.88 -3.04 -3.98 -4.63 -4.97 -4.95 -4.58 -3.88 -2.91 -1.74 -0.44 0.88 2.15 3.26 4.15 4.74 4.99 4.89 4.45 3.69 ;3.79 4.52 4.92 4.98 4.69 4.06 3.15 2.01 0.73 -0.59 -1.88 -3.04 -3.98 -4.63 -4.97 -4.95 -4.58 -3.88 -2.91 -1.74 -0.44 0.88 2.15 3.26 4.15 4.74 4.99 4.89 4.45 3.69 ;3.79 4.52 4.92 4.98 4.69 4.06 3.15 2.01 0.73 -0.59 -1.88 -3.04 -3.98 -4.63 -4.97 -4.95 -4.58 -3.88 -2.91 -1.74 -0.44 0.88 2.15 3.26 4.15 4.74 4.99 4.89 4.45 3.69 ;];
