u27 = [4.82 5.00 4.83 4.31 3.50 2.43 1.19 -0.13 -1.44 -2.65 -3.68 -4.44 -4.89 -4.99 -4.74 -4.16 -3.28 -2.17 -0.91 0.42 1.72 2.90 3.87 4.57 4.94 4.97 4.64 3.99 3.05 1.90 ;4.82 5.00 4.83 4.31 3.50 2.43 1.19 -0.13 -1.44 -2.65 -3.68 -4.44 -4.89 -4.99 -4.74 -4.16 -3.28 -2.17 -0.91 0.42 1.72 2.90 3.87 4.57 4.94 4.97 4.64 3.99 3.05 1.90 ;4.82 5.00 4.83 4.31 3.50 2.43 1.19 -0.13 -1.44 -2.65 -3.68 -4.44 -4.89 -4.99 -4.74 -4.16 -3.28 -2.17 -0.91 0.42 1.72 2.90 3.87 4.57 4.94 4.97 4.64 3.99 3.05 1.90 ;4.82 5.00 4.83 4.31 3.50 2.43 1.19 -0.13 -1.44 -2.65 -3.68 -4.44 -4.89 -4.99 -4.74 -4.16 -3.28 -2.17 -0.91 0.42 1.72 2.90 3.87 4.57 4.94 4.97 4.64 3.99 3.05 1.90 ;4.82 5.00 4.83 4.31 3.50 2.43 1.19 -0.13 -1.44 -2.65 -3.68 -4.44 -4.89 -4.99 -4.74 -4.16 -3.28 -2.17 -0.91 0.42 1.72 2.90 3.87 4.57 4.94 4.97 4.64 3.99 3.05 1.90 ;4.82 5.00 4.83 4.31 3.50 2.43 1.19 -0.13 -1.44 -2.65 -3.68 -4.44 -4.89 -4.99 -4.74 -4.16 -3.28 -2.17 -0.91 0.42 1.72 2.90 3.87 4.57 4.94 4.97 4.64 3.99 3.05 1.90 ;4.82 5.00 4.83 4.31 3.50 2.43 1.19 -0.13 -1.44 -2.65 -3.68 -4.44 -4.89 -4.99 -4.74 -4.16 -3.28 -2.17 -0.91 0.42 1.72 2.90 3.87 4.57 4.94 4.97 4.64 3.99 3.05 1.90 ;4.82 5.00 4.83 4.31 3.50 2.43 1.19 -0.13 -1.44 -2.65 -3.68 -4.44 -4.89 -4.99 -4.74 -4.16 -3.28 -2.17 -0.91 0.42 1.72 2.90 3.87 4.57 4.94 4.97 4.64 3.99 3.05 1.90 ;4.82 5.00 4.83 4.31 3.50 2.43 1.19 -0.13 -1.44 -2.65 -3.68 -4.44 -4.89 -4.99 -4.74 -4.16 -3.28 -2.17 -0.91 0.42 1.72 2.90 3.87 4.57 4.94 4.97 4.64 3.99 3.05 1.90 ;4.82 5.00 4.83 4.31 3.50 2.43 1.19 -0.13 -1.44 -2.65 -3.68 -4.44 -4.89 -4.99 -4.74 -4.16 -3.28 -2.17 -0.91 0.42 1.72 2.90 3.87 4.57 4.94 4.97 4.64 3.99 3.05 1.90 ;4.82 5.00 4.83 4.31 3.50 2.43 1.19 -0.13 -1.44 -2.65 -3.68 -4.44 -4.89 -4.99 -4.74 -4.16 -3.28 -2.17 -0.91 0.42 1.72 2.90 3.87 4.57 4.94 4.97 4.64 3.99 3.05 1.90 ;4.82 5.00 4.83 4.31 3.50 2.43 1.19 -0.13 -1.44 -2.65 -3.68 -4.44 -4.89 -4.99 -4.74 -4.16 -3.28 -2.17 -0.91 0.42 1.72 2.90 3.87 4.57 4.94 4.97 4.64 3.99 3.05 1.90 ;4.82 5.00 4.83 4.31 3.50 2.43 1.19 -0.13 -1.44 -2.65 -3.68 -4.44 -4.89 -4.99 -4.74 -4.16 -3.28 -2.17 -0.91 0.42 1.72 2.90 3.87 4.57 4.94 4.97 4.64 3.99 3.05 1.90 ;4.82 5.00 4.83 4.31 3.50 2.43 1.19 -0.13 -1.44 -2.65 -3.68 -4.44 -4.89 -4.99 -4.74 -4.16 -3.28 -2.17 -0.91 0.42 1.72 2.90 3.87 4.57 4.94 4.97 4.64 3.99 3.05 1.90 ;4.82 5.00 4.83 4.31 3.50 2.43 1.19 -0.13 -1.44 -2.65 -3.68 -4.44 -4.89 -4.99 -4.74 -4.16 -3.28 -2.17 -0.91 0.42 1.72 2.90 3.87 4.57 4.94 4.97 4.64 3.99 3.05 1.90 ;4.82 5.00 4.83 4.31 3.50 2.43 1.19 -0.13 -1.44 -2.65 -3.68 -4.44 -4.89 -4.99 -4.74 -4.16 -3.28 -2.17 -0.91 0.42 1.72 2.90 3.87 4.57 4.94 4.97 4.64 3.99 3.05 1.90 ;4.82 5.00 4.83 4.31 3.50 2.43 1.19 -0.13 -1.44 -2.65 -3.68 -4.44 -4.89 -4.99 -4.74 -4.16 -3.28 -2.17 -0.91 0.42 1.72 2.90 3.87 4.57 4.94 4.97 4.64 3.99 3.05 1.90 ;4.82 5.00 4.83 4.31 3.50 2.43 1.19 -0.13 -1.44 -2.65 -3.68 -4.44 -4.89 -4.99 -4.74 -4.16 -3.28 -2.17 -0.91 0.42 1.72 2.90 3.87 4.57 4.94 4.97 4.64 3.99 3.05 1.90 ;4.82 5.00 4.83 4.31 3.50 2.43 1.19 -0.13 -1.44 -2.65 -3.68 -4.44 -4.89 -4.99 -4.74 -4.16 -3.28 -2.17 -0.91 0.42 1.72 2.90 3.87 4.57 4.94 4.97 4.64 3.99 3.05 1.90 ;4.82 5.00 4.83 4.31 3.50 2.43 1.19 -0.13 -1.44 -2.65 -3.68 -4.44 -4.89 -4.99 -4.74 -4.16 -3.28 -2.17 -0.91 0.42 1.72 2.90 3.87 4.57 4.94 4.97 4.64 3.99 3.05 1.90 ;4.82 5.00 4.83 4.31 3.50 2.43 1.19 -0.13 -1.44 -2.65 -3.68 -4.44 -4.89 -4.99 -4.74 -4.16 -3.28 -2.17 -0.91 0.42 1.72 2.90 3.87 4.57 4.94 4.97 4.64 3.99 3.05 1.90 ;4.82 5.00 4.83 4.31 3.50 2.43 1.19 -0.13 -1.44 -2.65 -3.68 -4.44 -4.89 -4.99 -4.74 -4.16 -3.28 -2.17 -0.91 0.42 1.72 2.90 3.87 4.57 4.94 4.97 4.64 3.99 3.05 1.90 ;4.82 5.00 4.83 4.31 3.50 2.43 1.19 -0.13 -1.44 -2.65 -3.68 -4.44 -4.89 -4.99 -4.74 -4.16 -3.28 -2.17 -0.91 0.42 1.72 2.90 3.87 4.57 4.94 4.97 4.64 3.99 3.05 1.90 ;4.82 5.00 4.83 4.31 3.50 2.43 1.19 -0.13 -1.44 -2.65 -3.68 -4.44 -4.89 -4.99 -4.74 -4.16 -3.28 -2.17 -0.91 0.42 1.72 2.90 3.87 4.57 4.94 4.97 4.64 3.99 3.05 1.90 ;4.82 5.00 4.83 4.31 3.50 2.43 1.19 -0.13 -1.44 -2.65 -3.68 -4.44 -4.89 -4.99 -4.74 -4.16 -3.28 -2.17 -0.91 0.42 1.72 2.90 3.87 4.57 4.94 4.97 4.64 3.99 3.05 1.90 ;4.82 5.00 4.83 4.31 3.50 2.43 1.19 -0.13 -1.44 -2.65 -3.68 -4.44 -4.89 -4.99 -4.74 -4.16 -3.28 -2.17 -0.91 0.42 1.72 2.90 3.87 4.57 4.94 4.97 4.64 3.99 3.05 1.90 ;4.82 5.00 4.83 4.31 3.50 2.43 1.19 -0.13 -1.44 -2.65 -3.68 -4.44 -4.89 -4.99 -4.74 -4.16 -3.28 -2.17 -0.91 0.42 1.72 2.90 3.87 4.57 4.94 4.97 4.64 3.99 3.05 1.90 ;4.82 5.00 4.83 4.31 3.50 2.43 1.19 -0.13 -1.44 -2.65 -3.68 -4.44 -4.89 -4.99 -4.74 -4.16 -3.28 -2.17 -0.91 0.42 1.72 2.90 3.87 4.57 4.94 4.97 4.64 3.99 3.05 1.90 ;4.82 5.00 4.83 4.31 3.50 2.43 1.19 -0.13 -1.44 -2.65 -3.68 -4.44 -4.89 -4.99 -4.74 -4.16 -3.28 -2.17 -0.91 0.42 1.72 2.90 3.87 4.57 4.94 4.97 4.64 3.99 3.05 1.90 ;4.82 5.00 4.83 4.31 3.50 2.43 1.19 -0.13 -1.44 -2.65 -3.68 -4.44 -4.89 -4.99 -4.74 -4.16 -3.28 -2.17 -0.91 0.42 1.72 2.90 3.87 4.57 4.94 4.97 4.64 3.99 3.05 1.90 ;];
