u56 = [4.24 4.79 5.00 4.86 4.37 3.58 2.53 1.31 -0.01 -1.33 -2.55 -3.60 -4.38 -4.86 -5.00 -4.78 -4.22 -3.37 -2.28 -1.02 0.30 1.61 2.80 3.79 4.52 4.92 4.98 4.69 4.06 3.15 ;4.24 4.79 5.00 4.86 4.37 3.58 2.53 1.31 -0.01 -1.33 -2.55 -3.60 -4.38 -4.86 -5.00 -4.78 -4.22 -3.37 -2.28 -1.02 0.30 1.61 2.80 3.79 4.52 4.92 4.98 4.69 4.06 3.15 ;4.24 4.79 5.00 4.86 4.37 3.58 2.53 1.31 -0.01 -1.33 -2.55 -3.60 -4.38 -4.86 -5.00 -4.78 -4.22 -3.37 -2.28 -1.02 0.30 1.61 2.80 3.79 4.52 4.92 4.98 4.69 4.06 3.15 ;4.24 4.79 5.00 4.86 4.37 3.58 2.53 1.31 -0.01 -1.33 -2.55 -3.60 -4.38 -4.86 -5.00 -4.78 -4.22 -3.37 -2.28 -1.02 0.30 1.61 2.80 3.79 4.52 4.92 4.98 4.69 4.06 3.15 ;4.24 4.79 5.00 4.86 4.37 3.58 2.53 1.31 -0.01 -1.33 -2.55 -3.60 -4.38 -4.86 -5.00 -4.78 -4.22 -3.37 -2.28 -1.02 0.30 1.61 2.80 3.79 4.52 4.92 4.98 4.69 4.06 3.15 ;4.24 4.79 5.00 4.86 4.37 3.58 2.53 1.31 -0.01 -1.33 -2.55 -3.60 -4.38 -4.86 -5.00 -4.78 -4.22 -3.37 -2.28 -1.02 0.30 1.61 2.80 3.79 4.52 4.92 4.98 4.69 4.06 3.15 ;4.24 4.79 5.00 4.86 4.37 3.58 2.53 1.31 -0.01 -1.33 -2.55 -3.60 -4.38 -4.86 -5.00 -4.78 -4.22 -3.37 -2.28 -1.02 0.30 1.61 2.80 3.79 4.52 4.92 4.98 4.69 4.06 3.15 ;4.24 4.79 5.00 4.86 4.37 3.58 2.53 1.31 -0.01 -1.33 -2.55 -3.60 -4.38 -4.86 -5.00 -4.78 -4.22 -3.37 -2.28 -1.02 0.30 1.61 2.80 3.79 4.52 4.92 4.98 4.69 4.06 3.15 ;4.24 4.79 5.00 4.86 4.37 3.58 2.53 1.31 -0.01 -1.33 -2.55 -3.60 -4.38 -4.86 -5.00 -4.78 -4.22 -3.37 -2.28 -1.02 0.30 1.61 2.80 3.79 4.52 4.92 4.98 4.69 4.06 3.15 ;4.24 4.79 5.00 4.86 4.37 3.58 2.53 1.31 -0.01 -1.33 -2.55 -3.60 -4.38 -4.86 -5.00 -4.78 -4.22 -3.37 -2.28 -1.02 0.30 1.61 2.80 3.79 4.52 4.92 4.98 4.69 4.06 3.15 ;4.24 4.79 5.00 4.86 4.37 3.58 2.53 1.31 -0.01 -1.33 -2.55 -3.60 -4.38 -4.86 -5.00 -4.78 -4.22 -3.37 -2.28 -1.02 0.30 1.61 2.80 3.79 4.52 4.92 4.98 4.69 4.06 3.15 ;4.24 4.79 5.00 4.86 4.37 3.58 2.53 1.31 -0.01 -1.33 -2.55 -3.60 -4.38 -4.86 -5.00 -4.78 -4.22 -3.37 -2.28 -1.02 0.30 1.61 2.80 3.79 4.52 4.92 4.98 4.69 4.06 3.15 ;4.24 4.79 5.00 4.86 4.37 3.58 2.53 1.31 -0.01 -1.33 -2.55 -3.60 -4.38 -4.86 -5.00 -4.78 -4.22 -3.37 -2.28 -1.02 0.30 1.61 2.80 3.79 4.52 4.92 4.98 4.69 4.06 3.15 ;4.24 4.79 5.00 4.86 4.37 3.58 2.53 1.31 -0.01 -1.33 -2.55 -3.60 -4.38 -4.86 -5.00 -4.78 -4.22 -3.37 -2.28 -1.02 0.30 1.61 2.80 3.79 4.52 4.92 4.98 4.69 4.06 3.15 ;4.24 4.79 5.00 4.86 4.37 3.58 2.53 1.31 -0.01 -1.33 -2.55 -3.60 -4.38 -4.86 -5.00 -4.78 -4.22 -3.37 -2.28 -1.02 0.30 1.61 2.80 3.79 4.52 4.92 4.98 4.69 4.06 3.15 ;4.24 4.79 5.00 4.86 4.37 3.58 2.53 1.31 -0.01 -1.33 -2.55 -3.60 -4.38 -4.86 -5.00 -4.78 -4.22 -3.37 -2.28 -1.02 0.30 1.61 2.80 3.79 4.52 4.92 4.98 4.69 4.06 3.15 ;4.24 4.79 5.00 4.86 4.37 3.58 2.53 1.31 -0.01 -1.33 -2.55 -3.60 -4.38 -4.86 -5.00 -4.78 -4.22 -3.37 -2.28 -1.02 0.30 1.61 2.80 3.79 4.52 4.92 4.98 4.69 4.06 3.15 ;4.24 4.79 5.00 4.86 4.37 3.58 2.53 1.31 -0.01 -1.33 -2.55 -3.60 -4.38 -4.86 -5.00 -4.78 -4.22 -3.37 -2.28 -1.02 0.30 1.61 2.80 3.79 4.52 4.92 4.98 4.69 4.06 3.15 ;4.24 4.79 5.00 4.86 4.37 3.58 2.53 1.31 -0.01 -1.33 -2.55 -3.60 -4.38 -4.86 -5.00 -4.78 -4.22 -3.37 -2.28 -1.02 0.30 1.61 2.80 3.79 4.52 4.92 4.98 4.69 4.06 3.15 ;4.24 4.79 5.00 4.86 4.37 3.58 2.53 1.31 -0.01 -1.33 -2.55 -3.60 -4.38 -4.86 -5.00 -4.78 -4.22 -3.37 -2.28 -1.02 0.30 1.61 2.80 3.79 4.52 4.92 4.98 4.69 4.06 3.15 ;4.24 4.79 5.00 4.86 4.37 3.58 2.53 1.31 -0.01 -1.33 -2.55 -3.60 -4.38 -4.86 -5.00 -4.78 -4.22 -3.37 -2.28 -1.02 0.30 1.61 2.80 3.79 4.52 4.92 4.98 4.69 4.06 3.15 ;4.24 4.79 5.00 4.86 4.37 3.58 2.53 1.31 -0.01 -1.33 -2.55 -3.60 -4.38 -4.86 -5.00 -4.78 -4.22 -3.37 -2.28 -1.02 0.30 1.61 2.80 3.79 4.52 4.92 4.98 4.69 4.06 3.15 ;4.24 4.79 5.00 4.86 4.37 3.58 2.53 1.31 -0.01 -1.33 -2.55 -3.60 -4.38 -4.86 -5.00 -4.78 -4.22 -3.37 -2.28 -1.02 0.30 1.61 2.80 3.79 4.52 4.92 4.98 4.69 4.06 3.15 ;4.24 4.79 5.00 4.86 4.37 3.58 2.53 1.31 -0.01 -1.33 -2.55 -3.60 -4.38 -4.86 -5.00 -4.78 -4.22 -3.37 -2.28 -1.02 0.30 1.61 2.80 3.79 4.52 4.92 4.98 4.69 4.06 3.15 ;4.24 4.79 5.00 4.86 4.37 3.58 2.53 1.31 -0.01 -1.33 -2.55 -3.60 -4.38 -4.86 -5.00 -4.78 -4.22 -3.37 -2.28 -1.02 0.30 1.61 2.80 3.79 4.52 4.92 4.98 4.69 4.06 3.15 ;4.24 4.79 5.00 4.86 4.37 3.58 2.53 1.31 -0.01 -1.33 -2.55 -3.60 -4.38 -4.86 -5.00 -4.78 -4.22 -3.37 -2.28 -1.02 0.30 1.61 2.80 3.79 4.52 4.92 4.98 4.69 4.06 3.15 ;4.24 4.79 5.00 4.86 4.37 3.58 2.53 1.31 -0.01 -1.33 -2.55 -3.60 -4.38 -4.86 -5.00 -4.78 -4.22 -3.37 -2.28 -1.02 0.30 1.61 2.80 3.79 4.52 4.92 4.98 4.69 4.06 3.15 ;4.24 4.79 5.00 4.86 4.37 3.58 2.53 1.31 -0.01 -1.33 -2.55 -3.60 -4.38 -4.86 -5.00 -4.78 -4.22 -3.37 -2.28 -1.02 0.30 1.61 2.80 3.79 4.52 4.92 4.98 4.69 4.06 3.15 ;4.24 4.79 5.00 4.86 4.37 3.58 2.53 1.31 -0.01 -1.33 -2.55 -3.60 -4.38 -4.86 -5.00 -4.78 -4.22 -3.37 -2.28 -1.02 0.30 1.61 2.80 3.79 4.52 4.92 4.98 4.69 4.06 3.15 ;4.24 4.79 5.00 4.86 4.37 3.58 2.53 1.31 -0.01 -1.33 -2.55 -3.60 -4.38 -4.86 -5.00 -4.78 -4.22 -3.37 -2.28 -1.02 0.30 1.61 2.80 3.79 4.52 4.92 4.98 4.69 4.06 3.15 ;];
