u38 = [4.64 4.97 4.94 4.57 3.87 2.89 1.72 0.42 -0.91 -2.17 -3.28 -4.16 -4.74 -4.99 -4.89 -4.44 -3.68 -2.65 -1.44 -0.13 1.19 2.43 3.50 4.31 4.83 5.00 4.82 4.30 3.47 2.40 ;4.64 4.97 4.94 4.57 3.87 2.89 1.72 0.42 -0.91 -2.17 -3.28 -4.16 -4.74 -4.99 -4.89 -4.44 -3.68 -2.65 -1.44 -0.13 1.19 2.43 3.50 4.31 4.83 5.00 4.82 4.30 3.47 2.40 ;4.64 4.97 4.94 4.57 3.87 2.89 1.72 0.42 -0.91 -2.17 -3.28 -4.16 -4.74 -4.99 -4.89 -4.44 -3.68 -2.65 -1.44 -0.13 1.19 2.43 3.50 4.31 4.83 5.00 4.82 4.30 3.47 2.40 ;4.64 4.97 4.94 4.57 3.87 2.89 1.72 0.42 -0.91 -2.17 -3.28 -4.16 -4.74 -4.99 -4.89 -4.44 -3.68 -2.65 -1.44 -0.13 1.19 2.43 3.50 4.31 4.83 5.00 4.82 4.30 3.47 2.40 ;4.64 4.97 4.94 4.57 3.87 2.89 1.72 0.42 -0.91 -2.17 -3.28 -4.16 -4.74 -4.99 -4.89 -4.44 -3.68 -2.65 -1.44 -0.13 1.19 2.43 3.50 4.31 4.83 5.00 4.82 4.30 3.47 2.40 ;4.64 4.97 4.94 4.57 3.87 2.89 1.72 0.42 -0.91 -2.17 -3.28 -4.16 -4.74 -4.99 -4.89 -4.44 -3.68 -2.65 -1.44 -0.13 1.19 2.43 3.50 4.31 4.83 5.00 4.82 4.30 3.47 2.40 ;4.64 4.97 4.94 4.57 3.87 2.89 1.72 0.42 -0.91 -2.17 -3.28 -4.16 -4.74 -4.99 -4.89 -4.44 -3.68 -2.65 -1.44 -0.13 1.19 2.43 3.50 4.31 4.83 5.00 4.82 4.30 3.47 2.40 ;4.64 4.97 4.94 4.57 3.87 2.89 1.72 0.42 -0.91 -2.17 -3.28 -4.16 -4.74 -4.99 -4.89 -4.44 -3.68 -2.65 -1.44 -0.13 1.19 2.43 3.50 4.31 4.83 5.00 4.82 4.30 3.47 2.40 ;4.64 4.97 4.94 4.57 3.87 2.89 1.72 0.42 -0.91 -2.17 -3.28 -4.16 -4.74 -4.99 -4.89 -4.44 -3.68 -2.65 -1.44 -0.13 1.19 2.43 3.50 4.31 4.83 5.00 4.82 4.30 3.47 2.40 ;4.64 4.97 4.94 4.57 3.87 2.89 1.72 0.42 -0.91 -2.17 -3.28 -4.16 -4.74 -4.99 -4.89 -4.44 -3.68 -2.65 -1.44 -0.13 1.19 2.43 3.50 4.31 4.83 5.00 4.82 4.30 3.47 2.40 ;4.64 4.97 4.94 4.57 3.87 2.89 1.72 0.42 -0.91 -2.17 -3.28 -4.16 -4.74 -4.99 -4.89 -4.44 -3.68 -2.65 -1.44 -0.13 1.19 2.43 3.50 4.31 4.83 5.00 4.82 4.30 3.47 2.40 ;4.64 4.97 4.94 4.57 3.87 2.89 1.72 0.42 -0.91 -2.17 -3.28 -4.16 -4.74 -4.99 -4.89 -4.44 -3.68 -2.65 -1.44 -0.13 1.19 2.43 3.50 4.31 4.83 5.00 4.82 4.30 3.47 2.40 ;4.64 4.97 4.94 4.57 3.87 2.89 1.72 0.42 -0.91 -2.17 -3.28 -4.16 -4.74 -4.99 -4.89 -4.44 -3.68 -2.65 -1.44 -0.13 1.19 2.43 3.50 4.31 4.83 5.00 4.82 4.30 3.47 2.40 ;4.64 4.97 4.94 4.57 3.87 2.89 1.72 0.42 -0.91 -2.17 -3.28 -4.16 -4.74 -4.99 -4.89 -4.44 -3.68 -2.65 -1.44 -0.13 1.19 2.43 3.50 4.31 4.83 5.00 4.82 4.30 3.47 2.40 ;4.64 4.97 4.94 4.57 3.87 2.89 1.72 0.42 -0.91 -2.17 -3.28 -4.16 -4.74 -4.99 -4.89 -4.44 -3.68 -2.65 -1.44 -0.13 1.19 2.43 3.50 4.31 4.83 5.00 4.82 4.30 3.47 2.40 ;4.64 4.97 4.94 4.57 3.87 2.89 1.72 0.42 -0.91 -2.17 -3.28 -4.16 -4.74 -4.99 -4.89 -4.44 -3.68 -2.65 -1.44 -0.13 1.19 2.43 3.50 4.31 4.83 5.00 4.82 4.30 3.47 2.40 ;4.64 4.97 4.94 4.57 3.87 2.89 1.72 0.42 -0.91 -2.17 -3.28 -4.16 -4.74 -4.99 -4.89 -4.44 -3.68 -2.65 -1.44 -0.13 1.19 2.43 3.50 4.31 4.83 5.00 4.82 4.30 3.47 2.40 ;4.64 4.97 4.94 4.57 3.87 2.89 1.72 0.42 -0.91 -2.17 -3.28 -4.16 -4.74 -4.99 -4.89 -4.44 -3.68 -2.65 -1.44 -0.13 1.19 2.43 3.50 4.31 4.83 5.00 4.82 4.30 3.47 2.40 ;4.64 4.97 4.94 4.57 3.87 2.89 1.72 0.42 -0.91 -2.17 -3.28 -4.16 -4.74 -4.99 -4.89 -4.44 -3.68 -2.65 -1.44 -0.13 1.19 2.43 3.50 4.31 4.83 5.00 4.82 4.30 3.47 2.40 ;4.64 4.97 4.94 4.57 3.87 2.89 1.72 0.42 -0.91 -2.17 -3.28 -4.16 -4.74 -4.99 -4.89 -4.44 -3.68 -2.65 -1.44 -0.13 1.19 2.43 3.50 4.31 4.83 5.00 4.82 4.30 3.47 2.40 ;4.64 4.97 4.94 4.57 3.87 2.89 1.72 0.42 -0.91 -2.17 -3.28 -4.16 -4.74 -4.99 -4.89 -4.44 -3.68 -2.65 -1.44 -0.13 1.19 2.43 3.50 4.31 4.83 5.00 4.82 4.30 3.47 2.40 ;4.64 4.97 4.94 4.57 3.87 2.89 1.72 0.42 -0.91 -2.17 -3.28 -4.16 -4.74 -4.99 -4.89 -4.44 -3.68 -2.65 -1.44 -0.13 1.19 2.43 3.50 4.31 4.83 5.00 4.82 4.30 3.47 2.40 ;4.64 4.97 4.94 4.57 3.87 2.89 1.72 0.42 -0.91 -2.17 -3.28 -4.16 -4.74 -4.99 -4.89 -4.44 -3.68 -2.65 -1.44 -0.13 1.19 2.43 3.50 4.31 4.83 5.00 4.82 4.30 3.47 2.40 ;4.64 4.97 4.94 4.57 3.87 2.89 1.72 0.42 -0.91 -2.17 -3.28 -4.16 -4.74 -4.99 -4.89 -4.44 -3.68 -2.65 -1.44 -0.13 1.19 2.43 3.50 4.31 4.83 5.00 4.82 4.30 3.47 2.40 ;4.64 4.97 4.94 4.57 3.87 2.89 1.72 0.42 -0.91 -2.17 -3.28 -4.16 -4.74 -4.99 -4.89 -4.44 -3.68 -2.65 -1.44 -0.13 1.19 2.43 3.50 4.31 4.83 5.00 4.82 4.30 3.47 2.40 ;4.64 4.97 4.94 4.57 3.87 2.89 1.72 0.42 -0.91 -2.17 -3.28 -4.16 -4.74 -4.99 -4.89 -4.44 -3.68 -2.65 -1.44 -0.13 1.19 2.43 3.50 4.31 4.83 5.00 4.82 4.30 3.47 2.40 ;4.64 4.97 4.94 4.57 3.87 2.89 1.72 0.42 -0.91 -2.17 -3.28 -4.16 -4.74 -4.99 -4.89 -4.44 -3.68 -2.65 -1.44 -0.13 1.19 2.43 3.50 4.31 4.83 5.00 4.82 4.30 3.47 2.40 ;4.64 4.97 4.94 4.57 3.87 2.89 1.72 0.42 -0.91 -2.17 -3.28 -4.16 -4.74 -4.99 -4.89 -4.44 -3.68 -2.65 -1.44 -0.13 1.19 2.43 3.50 4.31 4.83 5.00 4.82 4.30 3.47 2.40 ;4.64 4.97 4.94 4.57 3.87 2.89 1.72 0.42 -0.91 -2.17 -3.28 -4.16 -4.74 -4.99 -4.89 -4.44 -3.68 -2.65 -1.44 -0.13 1.19 2.43 3.50 4.31 4.83 5.00 4.82 4.30 3.47 2.40 ;4.64 4.97 4.94 4.57 3.87 2.89 1.72 0.42 -0.91 -2.17 -3.28 -4.16 -4.74 -4.99 -4.89 -4.44 -3.68 -2.65 -1.44 -0.13 1.19 2.43 3.50 4.31 4.83 5.00 4.82 4.30 3.47 2.40 ;];
