u57 = [4.21 4.77 5.00 4.87 4.40 3.61 2.57 1.35 0.04 -1.28 -2.51 -3.56 -4.36 -4.85 -5.00 -4.79 -4.25 -3.40 -2.32 -1.07 0.25 1.56 2.76 3.76 4.50 4.91 4.98 4.70 4.09 3.19 ;4.21 4.77 5.00 4.87 4.40 3.61 2.57 1.35 0.04 -1.28 -2.51 -3.56 -4.36 -4.85 -5.00 -4.79 -4.25 -3.40 -2.32 -1.07 0.25 1.56 2.76 3.76 4.50 4.91 4.98 4.70 4.09 3.19 ;4.21 4.77 5.00 4.87 4.40 3.61 2.57 1.35 0.04 -1.28 -2.51 -3.56 -4.36 -4.85 -5.00 -4.79 -4.25 -3.40 -2.32 -1.07 0.25 1.56 2.76 3.76 4.50 4.91 4.98 4.70 4.09 3.19 ;4.21 4.77 5.00 4.87 4.40 3.61 2.57 1.35 0.04 -1.28 -2.51 -3.56 -4.36 -4.85 -5.00 -4.79 -4.25 -3.40 -2.32 -1.07 0.25 1.56 2.76 3.76 4.50 4.91 4.98 4.70 4.09 3.19 ;4.21 4.77 5.00 4.87 4.40 3.61 2.57 1.35 0.04 -1.28 -2.51 -3.56 -4.36 -4.85 -5.00 -4.79 -4.25 -3.40 -2.32 -1.07 0.25 1.56 2.76 3.76 4.50 4.91 4.98 4.70 4.09 3.19 ;4.21 4.77 5.00 4.87 4.40 3.61 2.57 1.35 0.04 -1.28 -2.51 -3.56 -4.36 -4.85 -5.00 -4.79 -4.25 -3.40 -2.32 -1.07 0.25 1.56 2.76 3.76 4.50 4.91 4.98 4.70 4.09 3.19 ;4.21 4.77 5.00 4.87 4.40 3.61 2.57 1.35 0.04 -1.28 -2.51 -3.56 -4.36 -4.85 -5.00 -4.79 -4.25 -3.40 -2.32 -1.07 0.25 1.56 2.76 3.76 4.50 4.91 4.98 4.70 4.09 3.19 ;4.21 4.77 5.00 4.87 4.40 3.61 2.57 1.35 0.04 -1.28 -2.51 -3.56 -4.36 -4.85 -5.00 -4.79 -4.25 -3.40 -2.32 -1.07 0.25 1.56 2.76 3.76 4.50 4.91 4.98 4.70 4.09 3.19 ;4.21 4.77 5.00 4.87 4.40 3.61 2.57 1.35 0.04 -1.28 -2.51 -3.56 -4.36 -4.85 -5.00 -4.79 -4.25 -3.40 -2.32 -1.07 0.25 1.56 2.76 3.76 4.50 4.91 4.98 4.70 4.09 3.19 ;4.21 4.77 5.00 4.87 4.40 3.61 2.57 1.35 0.04 -1.28 -2.51 -3.56 -4.36 -4.85 -5.00 -4.79 -4.25 -3.40 -2.32 -1.07 0.25 1.56 2.76 3.76 4.50 4.91 4.98 4.70 4.09 3.19 ;4.21 4.77 5.00 4.87 4.40 3.61 2.57 1.35 0.04 -1.28 -2.51 -3.56 -4.36 -4.85 -5.00 -4.79 -4.25 -3.40 -2.32 -1.07 0.25 1.56 2.76 3.76 4.50 4.91 4.98 4.70 4.09 3.19 ;4.21 4.77 5.00 4.87 4.40 3.61 2.57 1.35 0.04 -1.28 -2.51 -3.56 -4.36 -4.85 -5.00 -4.79 -4.25 -3.40 -2.32 -1.07 0.25 1.56 2.76 3.76 4.50 4.91 4.98 4.70 4.09 3.19 ;4.21 4.77 5.00 4.87 4.40 3.61 2.57 1.35 0.04 -1.28 -2.51 -3.56 -4.36 -4.85 -5.00 -4.79 -4.25 -3.40 -2.32 -1.07 0.25 1.56 2.76 3.76 4.50 4.91 4.98 4.70 4.09 3.19 ;4.21 4.77 5.00 4.87 4.40 3.61 2.57 1.35 0.04 -1.28 -2.51 -3.56 -4.36 -4.85 -5.00 -4.79 -4.25 -3.40 -2.32 -1.07 0.25 1.56 2.76 3.76 4.50 4.91 4.98 4.70 4.09 3.19 ;4.21 4.77 5.00 4.87 4.40 3.61 2.57 1.35 0.04 -1.28 -2.51 -3.56 -4.36 -4.85 -5.00 -4.79 -4.25 -3.40 -2.32 -1.07 0.25 1.56 2.76 3.76 4.50 4.91 4.98 4.70 4.09 3.19 ;4.21 4.77 5.00 4.87 4.40 3.61 2.57 1.35 0.04 -1.28 -2.51 -3.56 -4.36 -4.85 -5.00 -4.79 -4.25 -3.40 -2.32 -1.07 0.25 1.56 2.76 3.76 4.50 4.91 4.98 4.70 4.09 3.19 ;4.21 4.77 5.00 4.87 4.40 3.61 2.57 1.35 0.04 -1.28 -2.51 -3.56 -4.36 -4.85 -5.00 -4.79 -4.25 -3.40 -2.32 -1.07 0.25 1.56 2.76 3.76 4.50 4.91 4.98 4.70 4.09 3.19 ;4.21 4.77 5.00 4.87 4.40 3.61 2.57 1.35 0.04 -1.28 -2.51 -3.56 -4.36 -4.85 -5.00 -4.79 -4.25 -3.40 -2.32 -1.07 0.25 1.56 2.76 3.76 4.50 4.91 4.98 4.70 4.09 3.19 ;4.21 4.77 5.00 4.87 4.40 3.61 2.57 1.35 0.04 -1.28 -2.51 -3.56 -4.36 -4.85 -5.00 -4.79 -4.25 -3.40 -2.32 -1.07 0.25 1.56 2.76 3.76 4.50 4.91 4.98 4.70 4.09 3.19 ;4.21 4.77 5.00 4.87 4.40 3.61 2.57 1.35 0.04 -1.28 -2.51 -3.56 -4.36 -4.85 -5.00 -4.79 -4.25 -3.40 -2.32 -1.07 0.25 1.56 2.76 3.76 4.50 4.91 4.98 4.70 4.09 3.19 ;4.21 4.77 5.00 4.87 4.40 3.61 2.57 1.35 0.04 -1.28 -2.51 -3.56 -4.36 -4.85 -5.00 -4.79 -4.25 -3.40 -2.32 -1.07 0.25 1.56 2.76 3.76 4.50 4.91 4.98 4.70 4.09 3.19 ;4.21 4.77 5.00 4.87 4.40 3.61 2.57 1.35 0.04 -1.28 -2.51 -3.56 -4.36 -4.85 -5.00 -4.79 -4.25 -3.40 -2.32 -1.07 0.25 1.56 2.76 3.76 4.50 4.91 4.98 4.70 4.09 3.19 ;4.21 4.77 5.00 4.87 4.40 3.61 2.57 1.35 0.04 -1.28 -2.51 -3.56 -4.36 -4.85 -5.00 -4.79 -4.25 -3.40 -2.32 -1.07 0.25 1.56 2.76 3.76 4.50 4.91 4.98 4.70 4.09 3.19 ;4.21 4.77 5.00 4.87 4.40 3.61 2.57 1.35 0.04 -1.28 -2.51 -3.56 -4.36 -4.85 -5.00 -4.79 -4.25 -3.40 -2.32 -1.07 0.25 1.56 2.76 3.76 4.50 4.91 4.98 4.70 4.09 3.19 ;4.21 4.77 5.00 4.87 4.40 3.61 2.57 1.35 0.04 -1.28 -2.51 -3.56 -4.36 -4.85 -5.00 -4.79 -4.25 -3.40 -2.32 -1.07 0.25 1.56 2.76 3.76 4.50 4.91 4.98 4.70 4.09 3.19 ;4.21 4.77 5.00 4.87 4.40 3.61 2.57 1.35 0.04 -1.28 -2.51 -3.56 -4.36 -4.85 -5.00 -4.79 -4.25 -3.40 -2.32 -1.07 0.25 1.56 2.76 3.76 4.50 4.91 4.98 4.70 4.09 3.19 ;4.21 4.77 5.00 4.87 4.40 3.61 2.57 1.35 0.04 -1.28 -2.51 -3.56 -4.36 -4.85 -5.00 -4.79 -4.25 -3.40 -2.32 -1.07 0.25 1.56 2.76 3.76 4.50 4.91 4.98 4.70 4.09 3.19 ;4.21 4.77 5.00 4.87 4.40 3.61 2.57 1.35 0.04 -1.28 -2.51 -3.56 -4.36 -4.85 -5.00 -4.79 -4.25 -3.40 -2.32 -1.07 0.25 1.56 2.76 3.76 4.50 4.91 4.98 4.70 4.09 3.19 ;4.21 4.77 5.00 4.87 4.40 3.61 2.57 1.35 0.04 -1.28 -2.51 -3.56 -4.36 -4.85 -5.00 -4.79 -4.25 -3.40 -2.32 -1.07 0.25 1.56 2.76 3.76 4.50 4.91 4.98 4.70 4.09 3.19 ;4.21 4.77 5.00 4.87 4.40 3.61 2.57 1.35 0.04 -1.28 -2.51 -3.56 -4.36 -4.85 -5.00 -4.79 -4.25 -3.40 -2.32 -1.07 0.25 1.56 2.76 3.76 4.50 4.91 4.98 4.70 4.09 3.19 ;];
