u40 = [4.61 4.96 4.96 4.61 3.93 2.98 1.81 0.52 -0.81 -2.08 -3.21 -4.10 -4.71 -4.99 -4.91 -4.48 -3.74 -2.74 -1.54 -0.23 1.10 2.34 3.42 4.26 4.80 5.00 4.84 4.35 3.54 2.49 ;4.61 4.96 4.96 4.61 3.93 2.98 1.81 0.52 -0.81 -2.08 -3.21 -4.10 -4.71 -4.99 -4.91 -4.48 -3.74 -2.74 -1.54 -0.23 1.10 2.34 3.42 4.26 4.80 5.00 4.84 4.35 3.54 2.49 ;4.61 4.96 4.96 4.61 3.93 2.98 1.81 0.52 -0.81 -2.08 -3.21 -4.10 -4.71 -4.99 -4.91 -4.48 -3.74 -2.74 -1.54 -0.23 1.10 2.34 3.42 4.26 4.80 5.00 4.84 4.35 3.54 2.49 ;4.61 4.96 4.96 4.61 3.93 2.98 1.81 0.52 -0.81 -2.08 -3.21 -4.10 -4.71 -4.99 -4.91 -4.48 -3.74 -2.74 -1.54 -0.23 1.10 2.34 3.42 4.26 4.80 5.00 4.84 4.35 3.54 2.49 ;4.61 4.96 4.96 4.61 3.93 2.98 1.81 0.52 -0.81 -2.08 -3.21 -4.10 -4.71 -4.99 -4.91 -4.48 -3.74 -2.74 -1.54 -0.23 1.10 2.34 3.42 4.26 4.80 5.00 4.84 4.35 3.54 2.49 ;4.61 4.96 4.96 4.61 3.93 2.98 1.81 0.52 -0.81 -2.08 -3.21 -4.10 -4.71 -4.99 -4.91 -4.48 -3.74 -2.74 -1.54 -0.23 1.10 2.34 3.42 4.26 4.80 5.00 4.84 4.35 3.54 2.49 ;4.61 4.96 4.96 4.61 3.93 2.98 1.81 0.52 -0.81 -2.08 -3.21 -4.10 -4.71 -4.99 -4.91 -4.48 -3.74 -2.74 -1.54 -0.23 1.10 2.34 3.42 4.26 4.80 5.00 4.84 4.35 3.54 2.49 ;4.61 4.96 4.96 4.61 3.93 2.98 1.81 0.52 -0.81 -2.08 -3.21 -4.10 -4.71 -4.99 -4.91 -4.48 -3.74 -2.74 -1.54 -0.23 1.10 2.34 3.42 4.26 4.80 5.00 4.84 4.35 3.54 2.49 ;4.61 4.96 4.96 4.61 3.93 2.98 1.81 0.52 -0.81 -2.08 -3.21 -4.10 -4.71 -4.99 -4.91 -4.48 -3.74 -2.74 -1.54 -0.23 1.10 2.34 3.42 4.26 4.80 5.00 4.84 4.35 3.54 2.49 ;4.61 4.96 4.96 4.61 3.93 2.98 1.81 0.52 -0.81 -2.08 -3.21 -4.10 -4.71 -4.99 -4.91 -4.48 -3.74 -2.74 -1.54 -0.23 1.10 2.34 3.42 4.26 4.80 5.00 4.84 4.35 3.54 2.49 ;4.61 4.96 4.96 4.61 3.93 2.98 1.81 0.52 -0.81 -2.08 -3.21 -4.10 -4.71 -4.99 -4.91 -4.48 -3.74 -2.74 -1.54 -0.23 1.10 2.34 3.42 4.26 4.80 5.00 4.84 4.35 3.54 2.49 ;4.61 4.96 4.96 4.61 3.93 2.98 1.81 0.52 -0.81 -2.08 -3.21 -4.10 -4.71 -4.99 -4.91 -4.48 -3.74 -2.74 -1.54 -0.23 1.10 2.34 3.42 4.26 4.80 5.00 4.84 4.35 3.54 2.49 ;4.61 4.96 4.96 4.61 3.93 2.98 1.81 0.52 -0.81 -2.08 -3.21 -4.10 -4.71 -4.99 -4.91 -4.48 -3.74 -2.74 -1.54 -0.23 1.10 2.34 3.42 4.26 4.80 5.00 4.84 4.35 3.54 2.49 ;4.61 4.96 4.96 4.61 3.93 2.98 1.81 0.52 -0.81 -2.08 -3.21 -4.10 -4.71 -4.99 -4.91 -4.48 -3.74 -2.74 -1.54 -0.23 1.10 2.34 3.42 4.26 4.80 5.00 4.84 4.35 3.54 2.49 ;4.61 4.96 4.96 4.61 3.93 2.98 1.81 0.52 -0.81 -2.08 -3.21 -4.10 -4.71 -4.99 -4.91 -4.48 -3.74 -2.74 -1.54 -0.23 1.10 2.34 3.42 4.26 4.80 5.00 4.84 4.35 3.54 2.49 ;4.61 4.96 4.96 4.61 3.93 2.98 1.81 0.52 -0.81 -2.08 -3.21 -4.10 -4.71 -4.99 -4.91 -4.48 -3.74 -2.74 -1.54 -0.23 1.10 2.34 3.42 4.26 4.80 5.00 4.84 4.35 3.54 2.49 ;4.61 4.96 4.96 4.61 3.93 2.98 1.81 0.52 -0.81 -2.08 -3.21 -4.10 -4.71 -4.99 -4.91 -4.48 -3.74 -2.74 -1.54 -0.23 1.10 2.34 3.42 4.26 4.80 5.00 4.84 4.35 3.54 2.49 ;4.61 4.96 4.96 4.61 3.93 2.98 1.81 0.52 -0.81 -2.08 -3.21 -4.10 -4.71 -4.99 -4.91 -4.48 -3.74 -2.74 -1.54 -0.23 1.10 2.34 3.42 4.26 4.80 5.00 4.84 4.35 3.54 2.49 ;4.61 4.96 4.96 4.61 3.93 2.98 1.81 0.52 -0.81 -2.08 -3.21 -4.10 -4.71 -4.99 -4.91 -4.48 -3.74 -2.74 -1.54 -0.23 1.10 2.34 3.42 4.26 4.80 5.00 4.84 4.35 3.54 2.49 ;4.61 4.96 4.96 4.61 3.93 2.98 1.81 0.52 -0.81 -2.08 -3.21 -4.10 -4.71 -4.99 -4.91 -4.48 -3.74 -2.74 -1.54 -0.23 1.10 2.34 3.42 4.26 4.80 5.00 4.84 4.35 3.54 2.49 ;4.61 4.96 4.96 4.61 3.93 2.98 1.81 0.52 -0.81 -2.08 -3.21 -4.10 -4.71 -4.99 -4.91 -4.48 -3.74 -2.74 -1.54 -0.23 1.10 2.34 3.42 4.26 4.80 5.00 4.84 4.35 3.54 2.49 ;4.61 4.96 4.96 4.61 3.93 2.98 1.81 0.52 -0.81 -2.08 -3.21 -4.10 -4.71 -4.99 -4.91 -4.48 -3.74 -2.74 -1.54 -0.23 1.10 2.34 3.42 4.26 4.80 5.00 4.84 4.35 3.54 2.49 ;4.61 4.96 4.96 4.61 3.93 2.98 1.81 0.52 -0.81 -2.08 -3.21 -4.10 -4.71 -4.99 -4.91 -4.48 -3.74 -2.74 -1.54 -0.23 1.10 2.34 3.42 4.26 4.80 5.00 4.84 4.35 3.54 2.49 ;4.61 4.96 4.96 4.61 3.93 2.98 1.81 0.52 -0.81 -2.08 -3.21 -4.10 -4.71 -4.99 -4.91 -4.48 -3.74 -2.74 -1.54 -0.23 1.10 2.34 3.42 4.26 4.80 5.00 4.84 4.35 3.54 2.49 ;4.61 4.96 4.96 4.61 3.93 2.98 1.81 0.52 -0.81 -2.08 -3.21 -4.10 -4.71 -4.99 -4.91 -4.48 -3.74 -2.74 -1.54 -0.23 1.10 2.34 3.42 4.26 4.80 5.00 4.84 4.35 3.54 2.49 ;4.61 4.96 4.96 4.61 3.93 2.98 1.81 0.52 -0.81 -2.08 -3.21 -4.10 -4.71 -4.99 -4.91 -4.48 -3.74 -2.74 -1.54 -0.23 1.10 2.34 3.42 4.26 4.80 5.00 4.84 4.35 3.54 2.49 ;4.61 4.96 4.96 4.61 3.93 2.98 1.81 0.52 -0.81 -2.08 -3.21 -4.10 -4.71 -4.99 -4.91 -4.48 -3.74 -2.74 -1.54 -0.23 1.10 2.34 3.42 4.26 4.80 5.00 4.84 4.35 3.54 2.49 ;4.61 4.96 4.96 4.61 3.93 2.98 1.81 0.52 -0.81 -2.08 -3.21 -4.10 -4.71 -4.99 -4.91 -4.48 -3.74 -2.74 -1.54 -0.23 1.10 2.34 3.42 4.26 4.80 5.00 4.84 4.35 3.54 2.49 ;4.61 4.96 4.96 4.61 3.93 2.98 1.81 0.52 -0.81 -2.08 -3.21 -4.10 -4.71 -4.99 -4.91 -4.48 -3.74 -2.74 -1.54 -0.23 1.10 2.34 3.42 4.26 4.80 5.00 4.84 4.35 3.54 2.49 ;4.61 4.96 4.96 4.61 3.93 2.98 1.81 0.52 -0.81 -2.08 -3.21 -4.10 -4.71 -4.99 -4.91 -4.48 -3.74 -2.74 -1.54 -0.23 1.10 2.34 3.42 4.26 4.80 5.00 4.84 4.35 3.54 2.49 ;];
