u79 = [3.52 4.33 4.84 5.00 4.81 4.28 3.45 2.37 1.13 -0.20 -1.51 -2.71 -3.72 -4.47 -4.90 -4.99 -4.72 -4.12 -3.23 -2.11 -0.84 0.49 1.78 2.95 3.91 4.59 4.95 4.96 4.62 3.95 ;3.52 4.33 4.84 5.00 4.81 4.28 3.45 2.37 1.13 -0.20 -1.51 -2.71 -3.72 -4.47 -4.90 -4.99 -4.72 -4.12 -3.23 -2.11 -0.84 0.49 1.78 2.95 3.91 4.59 4.95 4.96 4.62 3.95 ;3.52 4.33 4.84 5.00 4.81 4.28 3.45 2.37 1.13 -0.20 -1.51 -2.71 -3.72 -4.47 -4.90 -4.99 -4.72 -4.12 -3.23 -2.11 -0.84 0.49 1.78 2.95 3.91 4.59 4.95 4.96 4.62 3.95 ;3.52 4.33 4.84 5.00 4.81 4.28 3.45 2.37 1.13 -0.20 -1.51 -2.71 -3.72 -4.47 -4.90 -4.99 -4.72 -4.12 -3.23 -2.11 -0.84 0.49 1.78 2.95 3.91 4.59 4.95 4.96 4.62 3.95 ;3.52 4.33 4.84 5.00 4.81 4.28 3.45 2.37 1.13 -0.20 -1.51 -2.71 -3.72 -4.47 -4.90 -4.99 -4.72 -4.12 -3.23 -2.11 -0.84 0.49 1.78 2.95 3.91 4.59 4.95 4.96 4.62 3.95 ;3.52 4.33 4.84 5.00 4.81 4.28 3.45 2.37 1.13 -0.20 -1.51 -2.71 -3.72 -4.47 -4.90 -4.99 -4.72 -4.12 -3.23 -2.11 -0.84 0.49 1.78 2.95 3.91 4.59 4.95 4.96 4.62 3.95 ;3.52 4.33 4.84 5.00 4.81 4.28 3.45 2.37 1.13 -0.20 -1.51 -2.71 -3.72 -4.47 -4.90 -4.99 -4.72 -4.12 -3.23 -2.11 -0.84 0.49 1.78 2.95 3.91 4.59 4.95 4.96 4.62 3.95 ;3.52 4.33 4.84 5.00 4.81 4.28 3.45 2.37 1.13 -0.20 -1.51 -2.71 -3.72 -4.47 -4.90 -4.99 -4.72 -4.12 -3.23 -2.11 -0.84 0.49 1.78 2.95 3.91 4.59 4.95 4.96 4.62 3.95 ;3.52 4.33 4.84 5.00 4.81 4.28 3.45 2.37 1.13 -0.20 -1.51 -2.71 -3.72 -4.47 -4.90 -4.99 -4.72 -4.12 -3.23 -2.11 -0.84 0.49 1.78 2.95 3.91 4.59 4.95 4.96 4.62 3.95 ;3.52 4.33 4.84 5.00 4.81 4.28 3.45 2.37 1.13 -0.20 -1.51 -2.71 -3.72 -4.47 -4.90 -4.99 -4.72 -4.12 -3.23 -2.11 -0.84 0.49 1.78 2.95 3.91 4.59 4.95 4.96 4.62 3.95 ;3.52 4.33 4.84 5.00 4.81 4.28 3.45 2.37 1.13 -0.20 -1.51 -2.71 -3.72 -4.47 -4.90 -4.99 -4.72 -4.12 -3.23 -2.11 -0.84 0.49 1.78 2.95 3.91 4.59 4.95 4.96 4.62 3.95 ;3.52 4.33 4.84 5.00 4.81 4.28 3.45 2.37 1.13 -0.20 -1.51 -2.71 -3.72 -4.47 -4.90 -4.99 -4.72 -4.12 -3.23 -2.11 -0.84 0.49 1.78 2.95 3.91 4.59 4.95 4.96 4.62 3.95 ;3.52 4.33 4.84 5.00 4.81 4.28 3.45 2.37 1.13 -0.20 -1.51 -2.71 -3.72 -4.47 -4.90 -4.99 -4.72 -4.12 -3.23 -2.11 -0.84 0.49 1.78 2.95 3.91 4.59 4.95 4.96 4.62 3.95 ;3.52 4.33 4.84 5.00 4.81 4.28 3.45 2.37 1.13 -0.20 -1.51 -2.71 -3.72 -4.47 -4.90 -4.99 -4.72 -4.12 -3.23 -2.11 -0.84 0.49 1.78 2.95 3.91 4.59 4.95 4.96 4.62 3.95 ;3.52 4.33 4.84 5.00 4.81 4.28 3.45 2.37 1.13 -0.20 -1.51 -2.71 -3.72 -4.47 -4.90 -4.99 -4.72 -4.12 -3.23 -2.11 -0.84 0.49 1.78 2.95 3.91 4.59 4.95 4.96 4.62 3.95 ;3.52 4.33 4.84 5.00 4.81 4.28 3.45 2.37 1.13 -0.20 -1.51 -2.71 -3.72 -4.47 -4.90 -4.99 -4.72 -4.12 -3.23 -2.11 -0.84 0.49 1.78 2.95 3.91 4.59 4.95 4.96 4.62 3.95 ;3.52 4.33 4.84 5.00 4.81 4.28 3.45 2.37 1.13 -0.20 -1.51 -2.71 -3.72 -4.47 -4.90 -4.99 -4.72 -4.12 -3.23 -2.11 -0.84 0.49 1.78 2.95 3.91 4.59 4.95 4.96 4.62 3.95 ;3.52 4.33 4.84 5.00 4.81 4.28 3.45 2.37 1.13 -0.20 -1.51 -2.71 -3.72 -4.47 -4.90 -4.99 -4.72 -4.12 -3.23 -2.11 -0.84 0.49 1.78 2.95 3.91 4.59 4.95 4.96 4.62 3.95 ;3.52 4.33 4.84 5.00 4.81 4.28 3.45 2.37 1.13 -0.20 -1.51 -2.71 -3.72 -4.47 -4.90 -4.99 -4.72 -4.12 -3.23 -2.11 -0.84 0.49 1.78 2.95 3.91 4.59 4.95 4.96 4.62 3.95 ;3.52 4.33 4.84 5.00 4.81 4.28 3.45 2.37 1.13 -0.20 -1.51 -2.71 -3.72 -4.47 -4.90 -4.99 -4.72 -4.12 -3.23 -2.11 -0.84 0.49 1.78 2.95 3.91 4.59 4.95 4.96 4.62 3.95 ;3.52 4.33 4.84 5.00 4.81 4.28 3.45 2.37 1.13 -0.20 -1.51 -2.71 -3.72 -4.47 -4.90 -4.99 -4.72 -4.12 -3.23 -2.11 -0.84 0.49 1.78 2.95 3.91 4.59 4.95 4.96 4.62 3.95 ;3.52 4.33 4.84 5.00 4.81 4.28 3.45 2.37 1.13 -0.20 -1.51 -2.71 -3.72 -4.47 -4.90 -4.99 -4.72 -4.12 -3.23 -2.11 -0.84 0.49 1.78 2.95 3.91 4.59 4.95 4.96 4.62 3.95 ;3.52 4.33 4.84 5.00 4.81 4.28 3.45 2.37 1.13 -0.20 -1.51 -2.71 -3.72 -4.47 -4.90 -4.99 -4.72 -4.12 -3.23 -2.11 -0.84 0.49 1.78 2.95 3.91 4.59 4.95 4.96 4.62 3.95 ;3.52 4.33 4.84 5.00 4.81 4.28 3.45 2.37 1.13 -0.20 -1.51 -2.71 -3.72 -4.47 -4.90 -4.99 -4.72 -4.12 -3.23 -2.11 -0.84 0.49 1.78 2.95 3.91 4.59 4.95 4.96 4.62 3.95 ;3.52 4.33 4.84 5.00 4.81 4.28 3.45 2.37 1.13 -0.20 -1.51 -2.71 -3.72 -4.47 -4.90 -4.99 -4.72 -4.12 -3.23 -2.11 -0.84 0.49 1.78 2.95 3.91 4.59 4.95 4.96 4.62 3.95 ;3.52 4.33 4.84 5.00 4.81 4.28 3.45 2.37 1.13 -0.20 -1.51 -2.71 -3.72 -4.47 -4.90 -4.99 -4.72 -4.12 -3.23 -2.11 -0.84 0.49 1.78 2.95 3.91 4.59 4.95 4.96 4.62 3.95 ;3.52 4.33 4.84 5.00 4.81 4.28 3.45 2.37 1.13 -0.20 -1.51 -2.71 -3.72 -4.47 -4.90 -4.99 -4.72 -4.12 -3.23 -2.11 -0.84 0.49 1.78 2.95 3.91 4.59 4.95 4.96 4.62 3.95 ;3.52 4.33 4.84 5.00 4.81 4.28 3.45 2.37 1.13 -0.20 -1.51 -2.71 -3.72 -4.47 -4.90 -4.99 -4.72 -4.12 -3.23 -2.11 -0.84 0.49 1.78 2.95 3.91 4.59 4.95 4.96 4.62 3.95 ;3.52 4.33 4.84 5.00 4.81 4.28 3.45 2.37 1.13 -0.20 -1.51 -2.71 -3.72 -4.47 -4.90 -4.99 -4.72 -4.12 -3.23 -2.11 -0.84 0.49 1.78 2.95 3.91 4.59 4.95 4.96 4.62 3.95 ;3.52 4.33 4.84 5.00 4.81 4.28 3.45 2.37 1.13 -0.20 -1.51 -2.71 -3.72 -4.47 -4.90 -4.99 -4.72 -4.12 -3.23 -2.11 -0.84 0.49 1.78 2.95 3.91 4.59 4.95 4.96 4.62 3.95 ;];
