u4 = [5.00 4.87 4.40 3.62 2.59 1.37 0.05 -1.27 -2.50 -3.55 -4.35 -4.85 -5.00 -4.80 -4.26 -3.42 -2.33 -1.09 0.24 1.55 2.74 3.75 4.49 4.91 4.99 4.71 4.10 3.20 2.07 0.80 ;5.00 4.75 4.21 3.35 2.26 1.01 -0.33 -1.63 -2.82 -3.80 -4.53 -4.92 -4.97 -4.68 -4.05 -3.13 -2.00 -0.72 0.62 1.89 3.05 3.99 4.64 4.96 4.94 4.57 3.87 2.90 1.72 0.80 ;5.00 4.75 4.21 3.35 2.26 1.01 -0.33 -1.63 -2.82 -3.81 -4.53 -4.92 -4.97 -4.68 -4.05 -3.13 -2.00 -0.71 0.62 1.90 3.05 3.99 4.64 4.96 4.94 4.57 3.87 2.90 1.72 0.80 ;5.00 4.75 4.21 3.35 2.26 1.01 -0.33 -1.63 -2.82 -3.81 -4.53 -4.92 -4.97 -4.68 -4.05 -3.13 -2.00 -0.71 0.62 1.90 3.05 3.99 4.64 4.96 4.94 4.57 3.87 2.90 1.72 0.80 ;5.00 4.75 4.21 3.35 2.26 1.01 -0.33 -1.63 -2.82 -3.81 -4.53 -4.92 -4.97 -4.68 -4.05 -3.13 -2.00 -0.71 0.62 1.90 3.05 3.99 4.64 4.96 4.94 4.57 3.87 2.90 1.72 0.80 ;5.00 4.75 4.21 3.35 2.26 1.01 -0.33 -1.63 -2.82 -3.81 -4.53 -4.92 -4.97 -4.68 -4.05 -3.13 -2.00 -0.71 0.62 1.90 3.05 3.99 4.64 4.96 4.94 4.57 3.87 2.90 1.72 0.80 ;5.00 4.75 4.21 3.35 2.26 1.01 -0.33 -1.63 -2.82 -3.81 -4.53 -4.92 -4.97 -4.68 -4.05 -3.13 -2.00 -0.71 0.62 1.90 3.05 3.99 4.64 4.96 4.94 4.57 3.87 2.90 1.72 0.80 ;5.00 4.75 4.21 3.35 2.26 1.01 -0.33 -1.63 -2.82 -3.81 -4.53 -4.92 -4.97 -4.68 -4.05 -3.13 -2.00 -0.71 0.62 1.90 3.05 3.99 4.64 4.96 4.94 4.57 3.87 2.90 1.72 0.80 ;5.00 4.75 4.21 3.35 2.26 1.01 -0.33 -1.63 -2.82 -3.81 -4.53 -4.92 -4.97 -4.68 -4.05 -3.13 -2.00 -0.71 0.62 1.90 3.05 3.99 4.64 4.96 4.94 4.57 3.87 2.90 1.72 0.80 ;5.00 4.75 4.21 3.35 2.26 1.01 -0.33 -1.63 -2.82 -3.81 -4.53 -4.92 -4.97 -4.68 -4.05 -3.13 -2.00 -0.71 0.62 1.90 3.05 3.99 4.64 4.96 4.94 4.57 3.87 2.90 1.72 0.80 ;5.00 4.75 4.21 3.35 2.26 1.01 -0.33 -1.63 -2.82 -3.81 -4.53 -4.92 -4.97 -4.68 -4.05 -3.13 -2.00 -0.71 0.62 1.90 3.05 3.99 4.64 4.96 4.94 4.57 3.87 2.90 1.72 0.80 ;5.00 4.75 4.21 3.35 2.26 1.01 -0.33 -1.63 -2.82 -3.81 -4.53 -4.92 -4.97 -4.68 -4.05 -3.13 -2.00 -0.71 0.62 1.90 3.05 3.99 4.64 4.96 4.94 4.57 3.87 2.90 1.72 0.80 ;5.00 4.75 4.21 3.35 2.26 1.01 -0.33 -1.63 -2.82 -3.81 -4.53 -4.92 -4.97 -4.68 -4.05 -3.13 -2.00 -0.71 0.62 1.90 3.05 3.99 4.64 4.96 4.94 4.57 3.87 2.90 1.72 0.80 ;5.00 4.75 4.21 3.35 2.26 1.01 -0.33 -1.63 -2.82 -3.81 -4.53 -4.92 -4.97 -4.68 -4.05 -3.13 -2.00 -0.71 0.62 1.90 3.05 3.99 4.64 4.96 4.94 4.57 3.87 2.90 1.72 0.80 ;5.00 4.75 4.21 3.35 2.26 1.01 -0.33 -1.63 -2.82 -3.81 -4.53 -4.92 -4.97 -4.68 -4.05 -3.13 -2.00 -0.71 0.62 1.90 3.05 3.99 4.64 4.96 4.94 4.57 3.87 2.90 1.72 0.80 ;5.00 4.75 4.21 3.35 2.26 1.01 -0.33 -1.63 -2.82 -3.81 -4.53 -4.92 -4.97 -4.68 -4.05 -3.13 -2.00 -0.71 0.62 1.90 3.05 3.99 4.64 4.96 4.94 4.57 3.87 2.90 1.72 0.80 ;5.00 4.75 4.21 3.35 2.26 1.01 -0.33 -1.63 -2.82 -3.81 -4.53 -4.92 -4.97 -4.68 -4.05 -3.13 -2.00 -0.71 0.62 1.90 3.05 3.99 4.64 4.96 4.94 4.57 3.87 2.90 1.72 0.80 ;5.00 4.75 4.21 3.35 2.26 1.01 -0.33 -1.63 -2.82 -3.81 -4.53 -4.92 -4.97 -4.68 -4.05 -3.13 -2.00 -0.71 0.62 1.90 3.05 3.99 4.64 4.96 4.94 4.57 3.87 2.90 1.72 0.80 ;5.00 4.75 4.21 3.35 2.26 1.01 -0.33 -1.63 -2.82 -3.81 -4.53 -4.92 -4.97 -4.68 -4.05 -3.13 -2.00 -0.71 0.62 1.90 3.05 3.99 4.64 4.96 4.94 4.57 3.87 2.90 1.72 0.80 ;5.00 4.75 4.21 3.35 2.26 1.01 -0.33 -1.63 -2.82 -3.81 -4.53 -4.92 -4.97 -4.68 -4.05 -3.13 -2.00 -0.71 0.62 1.90 3.05 3.99 4.64 4.96 4.94 4.57 3.87 2.90 1.72 0.80 ;5.00 4.75 4.21 3.35 2.26 1.01 -0.33 -1.63 -2.82 -3.81 -4.53 -4.92 -4.97 -4.68 -4.05 -3.13 -2.00 -0.71 0.62 1.90 3.05 3.99 4.64 4.96 4.94 4.57 3.87 2.90 1.72 0.80 ;5.00 4.75 4.21 3.35 2.26 1.01 -0.33 -1.63 -2.82 -3.81 -4.53 -4.92 -4.97 -4.68 -4.05 -3.13 -2.00 -0.71 0.62 1.90 3.05 3.99 4.64 4.96 4.94 4.57 3.87 2.90 1.72 0.80 ;5.00 4.75 4.21 3.35 2.26 1.01 -0.33 -1.63 -2.82 -3.81 -4.53 -4.92 -4.97 -4.68 -4.05 -3.13 -2.00 -0.71 0.62 1.90 3.05 3.99 4.64 4.96 4.94 4.57 3.87 2.90 1.72 0.80 ;5.00 4.75 4.21 3.35 2.26 1.01 -0.33 -1.63 -2.82 -3.81 -4.53 -4.92 -4.97 -4.68 -4.05 -3.13 -2.00 -0.71 0.62 1.90 3.05 3.99 4.64 4.96 4.94 4.57 3.87 2.90 1.72 0.80 ;5.00 4.75 4.21 3.35 2.26 1.01 -0.33 -1.63 -2.82 -3.81 -4.53 -4.92 -4.97 -4.68 -4.05 -3.13 -2.00 -0.71 0.62 1.90 3.05 3.99 4.64 4.96 4.94 4.57 3.87 2.90 1.72 0.80 ;5.00 4.75 4.21 3.35 2.26 1.01 -0.33 -1.63 -2.82 -3.81 -4.53 -4.92 -4.97 -4.68 -4.05 -3.13 -2.00 -0.71 0.62 1.90 3.05 3.99 4.64 4.96 4.94 4.57 3.87 2.90 1.72 0.80 ;5.00 4.75 4.21 3.35 2.26 1.01 -0.33 -1.63 -2.82 -3.81 -4.53 -4.92 -4.97 -4.68 -4.05 -3.13 -2.00 -0.71 0.62 1.90 3.05 3.99 4.64 4.96 4.94 4.57 3.87 2.90 1.72 0.80 ;5.00 4.75 4.21 3.35 2.26 1.01 -0.33 -1.63 -2.82 -3.81 -4.53 -4.92 -4.97 -4.68 -4.05 -3.13 -2.00 -0.71 0.62 1.90 3.05 3.99 4.64 4.96 4.94 4.57 3.87 2.90 1.72 0.80 ;5.00 4.75 4.21 3.35 2.26 1.01 -0.33 -1.63 -2.82 -3.80 -4.53 -4.92 -4.97 -4.68 -4.05 -3.13 -2.00 -0.72 0.62 1.89 3.05 3.99 4.64 4.96 4.94 4.57 3.87 2.90 1.72 0.80 ;5.00 4.87 4.40 3.62 2.59 1.37 0.05 -1.27 -2.50 -3.55 -4.35 -4.85 -5.00 -4.80 -4.26 -3.42 -2.33 -1.09 0.24 1.55 2.74 3.75 4.49 4.91 4.99 4.71 4.10 3.20 2.07 0.80 ;];
