u3 = [5.00 4.86 4.38 3.59 2.55 1.32 0.00 -1.31 -2.54 -3.58 -4.38 -4.86 -5.00 -4.78 -4.23 -3.38 -2.29 -1.04 0.29 1.59 2.79 3.78 4.51 4.92 4.98 4.69 4.07 3.16 2.03 0.75 ;5.00 4.86 4.38 3.59 2.55 1.32 0.00 -1.31 -2.54 -3.58 -4.38 -4.86 -5.00 -4.78 -4.23 -3.38 -2.29 -1.04 0.29 1.59 2.79 3.78 4.51 4.92 4.98 4.69 4.07 3.16 2.03 0.75 ;5.00 4.86 4.38 3.59 2.55 1.32 0.00 -1.31 -2.54 -3.58 -4.38 -4.86 -5.00 -4.78 -4.23 -3.38 -2.29 -1.04 0.29 1.59 2.79 3.78 4.51 4.92 4.98 4.69 4.07 3.16 2.03 0.75 ;5.00 4.86 4.38 3.59 2.55 1.32 0.00 -1.31 -2.54 -3.58 -4.38 -4.86 -5.00 -4.78 -4.23 -3.38 -2.29 -1.04 0.29 1.59 2.79 3.78 4.51 4.92 4.98 4.69 4.07 3.16 2.03 0.75 ;5.00 4.86 4.38 3.59 2.55 1.32 0.00 -1.31 -2.54 -3.58 -4.38 -4.86 -5.00 -4.78 -4.23 -3.38 -2.29 -1.04 0.29 1.59 2.79 3.78 4.51 4.92 4.98 4.69 4.07 3.16 2.03 0.75 ;5.00 4.86 4.38 3.59 2.55 1.32 0.00 -1.31 -2.54 -3.58 -4.38 -4.86 -5.00 -4.78 -4.23 -3.38 -2.29 -1.04 0.29 1.59 2.79 3.78 4.51 4.92 4.98 4.69 4.07 3.16 2.03 0.75 ;5.00 4.86 4.38 3.59 2.55 1.32 0.00 -1.31 -2.54 -3.58 -4.38 -4.86 -5.00 -4.78 -4.23 -3.38 -2.29 -1.04 0.29 1.59 2.79 3.78 4.51 4.92 4.98 4.69 4.07 3.16 2.03 0.75 ;5.00 4.86 4.38 3.59 2.55 1.32 0.00 -1.31 -2.54 -3.58 -4.38 -4.86 -5.00 -4.78 -4.23 -3.38 -2.29 -1.04 0.29 1.59 2.79 3.78 4.51 4.92 4.98 4.69 4.07 3.16 2.03 0.75 ;5.00 4.86 4.38 3.59 2.55 1.32 0.00 -1.31 -2.54 -3.58 -4.38 -4.86 -5.00 -4.78 -4.23 -3.38 -2.29 -1.04 0.29 1.59 2.79 3.78 4.51 4.92 4.98 4.69 4.07 3.16 2.03 0.75 ;5.00 4.86 4.38 3.59 2.55 1.32 0.00 -1.31 -2.54 -3.58 -4.38 -4.86 -5.00 -4.78 -4.23 -3.38 -2.29 -1.04 0.29 1.59 2.79 3.78 4.51 4.92 4.98 4.69 4.07 3.16 2.03 0.75 ;5.00 4.86 4.38 3.59 2.55 1.32 0.00 -1.31 -2.54 -3.58 -4.38 -4.86 -5.00 -4.78 -4.23 -3.38 -2.29 -1.04 0.29 1.59 2.79 3.78 4.51 4.92 4.98 4.69 4.07 3.16 2.03 0.75 ;5.00 4.86 4.38 3.59 2.55 1.32 0.00 -1.31 -2.54 -3.58 -4.38 -4.86 -5.00 -4.78 -4.23 -3.38 -2.29 -1.04 0.29 1.59 2.79 3.78 4.51 4.92 4.98 4.69 4.07 3.16 2.03 0.75 ;5.00 4.86 4.38 3.59 2.55 1.32 0.00 -1.31 -2.54 -3.58 -4.38 -4.86 -5.00 -4.78 -4.23 -3.38 -2.29 -1.04 0.29 1.59 2.79 3.78 4.51 4.92 4.98 4.69 4.07 3.16 2.03 0.75 ;5.00 4.86 4.38 3.59 2.55 1.32 0.00 -1.31 -2.54 -3.58 -4.38 -4.86 -5.00 -4.78 -4.23 -3.38 -2.29 -1.04 0.29 1.59 2.79 3.78 4.51 4.92 4.98 4.69 4.07 3.16 2.03 0.75 ;5.00 4.86 4.38 3.59 2.55 1.32 0.00 -1.31 -2.54 -3.58 -4.38 -4.86 -5.00 -4.78 -4.23 -3.38 -2.29 -1.04 0.29 1.59 2.79 3.78 4.51 4.92 4.98 4.69 4.07 3.16 2.03 0.75 ;5.00 4.86 4.38 3.59 2.55 1.32 0.00 -1.31 -2.54 -3.58 -4.38 -4.86 -5.00 -4.78 -4.23 -3.38 -2.29 -1.04 0.29 1.59 2.79 3.78 4.51 4.92 4.98 4.69 4.07 3.16 2.03 0.75 ;5.00 4.86 4.38 3.59 2.55 1.32 0.00 -1.31 -2.54 -3.58 -4.38 -4.86 -5.00 -4.78 -4.23 -3.38 -2.29 -1.04 0.29 1.59 2.79 3.78 4.51 4.92 4.98 4.69 4.07 3.16 2.03 0.75 ;5.00 4.86 4.38 3.59 2.55 1.32 0.00 -1.31 -2.54 -3.58 -4.38 -4.86 -5.00 -4.78 -4.23 -3.38 -2.29 -1.04 0.29 1.59 2.79 3.78 4.51 4.92 4.98 4.69 4.07 3.16 2.03 0.75 ;5.00 4.86 4.38 3.59 2.55 1.32 0.00 -1.31 -2.54 -3.58 -4.38 -4.86 -5.00 -4.78 -4.23 -3.38 -2.29 -1.04 0.29 1.59 2.79 3.78 4.51 4.92 4.98 4.69 4.07 3.16 2.03 0.75 ;5.00 4.86 4.38 3.59 2.55 1.32 0.00 -1.31 -2.54 -3.58 -4.38 -4.86 -5.00 -4.78 -4.23 -3.38 -2.29 -1.04 0.29 1.59 2.79 3.78 4.51 4.92 4.98 4.69 4.07 3.16 2.03 0.75 ;5.00 4.86 4.38 3.59 2.55 1.32 0.00 -1.31 -2.54 -3.58 -4.38 -4.86 -5.00 -4.78 -4.23 -3.38 -2.29 -1.04 0.29 1.59 2.79 3.78 4.51 4.92 4.98 4.69 4.07 3.16 2.03 0.75 ;5.00 4.86 4.38 3.59 2.55 1.32 0.00 -1.31 -2.54 -3.58 -4.38 -4.86 -5.00 -4.78 -4.23 -3.38 -2.29 -1.04 0.29 1.59 2.79 3.78 4.51 4.92 4.98 4.69 4.07 3.16 2.03 0.75 ;5.00 4.86 4.38 3.59 2.55 1.32 0.00 -1.31 -2.54 -3.58 -4.38 -4.86 -5.00 -4.78 -4.23 -3.38 -2.29 -1.04 0.29 1.59 2.79 3.78 4.51 4.92 4.98 4.69 4.07 3.16 2.03 0.75 ;5.00 4.86 4.38 3.59 2.55 1.32 0.00 -1.31 -2.54 -3.58 -4.38 -4.86 -5.00 -4.78 -4.23 -3.38 -2.29 -1.04 0.29 1.59 2.79 3.78 4.51 4.92 4.98 4.69 4.07 3.16 2.03 0.75 ;5.00 4.86 4.38 3.59 2.55 1.32 0.00 -1.31 -2.54 -3.58 -4.38 -4.86 -5.00 -4.78 -4.23 -3.38 -2.29 -1.04 0.29 1.59 2.79 3.78 4.51 4.92 4.98 4.69 4.07 3.16 2.03 0.75 ;5.00 4.86 4.38 3.59 2.55 1.32 0.00 -1.31 -2.54 -3.58 -4.38 -4.86 -5.00 -4.78 -4.23 -3.38 -2.29 -1.04 0.29 1.59 2.79 3.78 4.51 4.92 4.98 4.69 4.07 3.16 2.03 0.75 ;5.00 4.86 4.38 3.59 2.55 1.32 0.00 -1.31 -2.54 -3.58 -4.38 -4.86 -5.00 -4.78 -4.23 -3.38 -2.29 -1.04 0.29 1.59 2.79 3.78 4.51 4.92 4.98 4.69 4.07 3.16 2.03 0.75 ;5.00 4.86 4.38 3.59 2.55 1.32 0.00 -1.31 -2.54 -3.58 -4.38 -4.86 -5.00 -4.78 -4.23 -3.38 -2.29 -1.04 0.29 1.59 2.79 3.78 4.51 4.92 4.98 4.69 4.07 3.16 2.03 0.75 ;5.00 4.86 4.38 3.59 2.55 1.32 0.00 -1.31 -2.54 -3.58 -4.38 -4.86 -5.00 -4.78 -4.23 -3.38 -2.29 -1.04 0.29 1.59 2.79 3.78 4.51 4.92 4.98 4.69 4.07 3.16 2.03 0.75 ;5.00 4.86 4.38 3.59 2.55 1.32 0.00 -1.31 -2.54 -3.58 -4.38 -4.86 -5.00 -4.78 -4.23 -3.38 -2.29 -1.04 0.29 1.59 2.79 3.78 4.51 4.92 4.98 4.69 4.07 3.16 2.03 0.75 ;];
