u50 = [4.39 4.86 5.00 4.78 4.22 3.36 2.27 1.01 -0.31 -1.62 -2.81 -3.80 -4.52 -4.92 -4.98 -4.68 -4.05 -3.14 -2.00 -0.73 0.60 1.89 3.04 3.98 4.64 4.97 4.94 4.57 3.88 2.91 ;4.39 4.86 5.00 4.78 4.22 3.36 2.27 1.01 -0.31 -1.62 -2.81 -3.80 -4.52 -4.92 -4.98 -4.68 -4.05 -3.14 -2.00 -0.73 0.60 1.89 3.04 3.98 4.64 4.97 4.94 4.57 3.88 2.91 ;4.39 4.86 5.00 4.78 4.22 3.36 2.27 1.01 -0.31 -1.62 -2.81 -3.80 -4.52 -4.92 -4.98 -4.68 -4.05 -3.14 -2.00 -0.73 0.60 1.89 3.04 3.98 4.64 4.97 4.94 4.57 3.88 2.91 ;4.39 4.86 5.00 4.78 4.22 3.36 2.27 1.01 -0.31 -1.62 -2.81 -3.80 -4.52 -4.92 -4.98 -4.68 -4.05 -3.14 -2.00 -0.73 0.60 1.89 3.04 3.98 4.64 4.97 4.94 4.57 3.88 2.91 ;4.39 4.86 5.00 4.78 4.22 3.36 2.27 1.01 -0.31 -1.62 -2.81 -3.80 -4.52 -4.92 -4.98 -4.68 -4.05 -3.14 -2.00 -0.73 0.60 1.89 3.04 3.98 4.64 4.97 4.94 4.57 3.88 2.91 ;4.39 4.86 5.00 4.78 4.22 3.36 2.27 1.01 -0.31 -1.62 -2.81 -3.80 -4.52 -4.92 -4.98 -4.68 -4.05 -3.14 -2.00 -0.73 0.60 1.89 3.04 3.98 4.64 4.97 4.94 4.57 3.88 2.91 ;4.39 4.86 5.00 4.78 4.22 3.36 2.27 1.01 -0.31 -1.62 -2.81 -3.80 -4.52 -4.92 -4.98 -4.68 -4.05 -3.14 -2.00 -0.73 0.60 1.89 3.04 3.98 4.64 4.97 4.94 4.57 3.88 2.91 ;4.39 4.86 5.00 4.78 4.22 3.36 2.27 1.01 -0.31 -1.62 -2.81 -3.80 -4.52 -4.92 -4.98 -4.68 -4.05 -3.14 -2.00 -0.73 0.60 1.89 3.04 3.98 4.64 4.97 4.94 4.57 3.88 2.91 ;4.39 4.86 5.00 4.78 4.22 3.36 2.27 1.01 -0.31 -1.62 -2.81 -3.80 -4.52 -4.92 -4.98 -4.68 -4.05 -3.14 -2.00 -0.73 0.60 1.89 3.04 3.98 4.64 4.97 4.94 4.57 3.88 2.91 ;4.39 4.86 5.00 4.78 4.22 3.36 2.27 1.01 -0.31 -1.62 -2.81 -3.80 -4.52 -4.92 -4.98 -4.68 -4.05 -3.14 -2.00 -0.73 0.60 1.89 3.04 3.98 4.64 4.97 4.94 4.57 3.88 2.91 ;4.39 4.86 5.00 4.78 4.22 3.36 2.27 1.01 -0.31 -1.62 -2.81 -3.80 -4.52 -4.92 -4.98 -4.68 -4.05 -3.14 -2.00 -0.73 0.60 1.89 3.04 3.98 4.64 4.97 4.94 4.57 3.88 2.91 ;4.39 4.86 5.00 4.78 4.22 3.36 2.27 1.01 -0.31 -1.62 -2.81 -3.80 -4.52 -4.92 -4.98 -4.68 -4.05 -3.14 -2.00 -0.73 0.60 1.89 3.04 3.98 4.64 4.97 4.94 4.57 3.88 2.91 ;4.39 4.86 5.00 4.78 4.22 3.36 2.27 1.01 -0.31 -1.62 -2.81 -3.80 -4.52 -4.92 -4.98 -4.68 -4.05 -3.14 -2.00 -0.73 0.60 1.89 3.04 3.98 4.64 4.97 4.94 4.57 3.88 2.91 ;4.39 4.86 5.00 4.78 4.22 3.36 2.27 1.01 -0.31 -1.62 -2.81 -3.80 -4.52 -4.92 -4.98 -4.68 -4.05 -3.14 -2.00 -0.73 0.60 1.89 3.04 3.98 4.64 4.97 4.94 4.57 3.88 2.91 ;4.39 4.86 5.00 4.78 4.22 3.36 2.27 1.01 -0.31 -1.62 -2.81 -3.80 -4.52 -4.92 -4.98 -4.68 -4.05 -3.14 -2.00 -0.73 0.60 1.89 3.04 3.98 4.64 4.97 4.94 4.57 3.88 2.91 ;4.39 4.86 5.00 4.78 4.22 3.36 2.27 1.01 -0.31 -1.62 -2.81 -3.80 -4.52 -4.92 -4.98 -4.68 -4.05 -3.14 -2.00 -0.73 0.60 1.89 3.04 3.98 4.64 4.97 4.94 4.57 3.88 2.91 ;4.39 4.86 5.00 4.78 4.22 3.36 2.27 1.01 -0.31 -1.62 -2.81 -3.80 -4.52 -4.92 -4.98 -4.68 -4.05 -3.14 -2.00 -0.73 0.60 1.89 3.04 3.98 4.64 4.97 4.94 4.57 3.88 2.91 ;4.39 4.86 5.00 4.78 4.22 3.36 2.27 1.01 -0.31 -1.62 -2.81 -3.80 -4.52 -4.92 -4.98 -4.68 -4.05 -3.14 -2.00 -0.73 0.60 1.89 3.04 3.98 4.64 4.97 4.94 4.57 3.88 2.91 ;4.39 4.86 5.00 4.78 4.22 3.36 2.27 1.01 -0.31 -1.62 -2.81 -3.80 -4.52 -4.92 -4.98 -4.68 -4.05 -3.14 -2.00 -0.73 0.60 1.89 3.04 3.98 4.64 4.97 4.94 4.57 3.88 2.91 ;4.39 4.86 5.00 4.78 4.22 3.36 2.27 1.01 -0.31 -1.62 -2.81 -3.80 -4.52 -4.92 -4.98 -4.68 -4.05 -3.14 -2.00 -0.73 0.60 1.89 3.04 3.98 4.64 4.97 4.94 4.57 3.88 2.91 ;4.39 4.86 5.00 4.78 4.22 3.36 2.27 1.01 -0.31 -1.62 -2.81 -3.80 -4.52 -4.92 -4.98 -4.68 -4.05 -3.14 -2.00 -0.73 0.60 1.89 3.04 3.98 4.64 4.97 4.94 4.57 3.88 2.91 ;4.39 4.86 5.00 4.78 4.22 3.36 2.27 1.01 -0.31 -1.62 -2.81 -3.80 -4.52 -4.92 -4.98 -4.68 -4.05 -3.14 -2.00 -0.73 0.60 1.89 3.04 3.98 4.64 4.97 4.94 4.57 3.88 2.91 ;4.39 4.86 5.00 4.78 4.22 3.36 2.27 1.01 -0.31 -1.62 -2.81 -3.80 -4.52 -4.92 -4.98 -4.68 -4.05 -3.14 -2.00 -0.73 0.60 1.89 3.04 3.98 4.64 4.97 4.94 4.57 3.88 2.91 ;4.39 4.86 5.00 4.78 4.22 3.36 2.27 1.01 -0.31 -1.62 -2.81 -3.80 -4.52 -4.92 -4.98 -4.68 -4.05 -3.14 -2.00 -0.73 0.60 1.89 3.04 3.98 4.64 4.97 4.94 4.57 3.88 2.91 ;4.39 4.86 5.00 4.78 4.22 3.36 2.27 1.01 -0.31 -1.62 -2.81 -3.80 -4.52 -4.92 -4.98 -4.68 -4.05 -3.14 -2.00 -0.73 0.60 1.89 3.04 3.98 4.64 4.97 4.94 4.57 3.88 2.91 ;4.39 4.86 5.00 4.78 4.22 3.36 2.27 1.01 -0.31 -1.62 -2.81 -3.80 -4.52 -4.92 -4.98 -4.68 -4.05 -3.14 -2.00 -0.73 0.60 1.89 3.04 3.98 4.64 4.97 4.94 4.57 3.88 2.91 ;4.39 4.86 5.00 4.78 4.22 3.36 2.27 1.01 -0.31 -1.62 -2.81 -3.80 -4.52 -4.92 -4.98 -4.68 -4.05 -3.14 -2.00 -0.73 0.60 1.89 3.04 3.98 4.64 4.97 4.94 4.57 3.88 2.91 ;4.39 4.86 5.00 4.78 4.22 3.36 2.27 1.01 -0.31 -1.62 -2.81 -3.80 -4.52 -4.92 -4.98 -4.68 -4.05 -3.14 -2.00 -0.73 0.60 1.89 3.04 3.98 4.64 4.97 4.94 4.57 3.88 2.91 ;4.39 4.86 5.00 4.78 4.22 3.36 2.27 1.01 -0.31 -1.62 -2.81 -3.80 -4.52 -4.92 -4.98 -4.68 -4.05 -3.14 -2.00 -0.73 0.60 1.89 3.04 3.98 4.64 4.97 4.94 4.57 3.88 2.91 ;4.39 4.86 5.00 4.78 4.22 3.36 2.27 1.01 -0.31 -1.62 -2.81 -3.80 -4.52 -4.92 -4.98 -4.68 -4.05 -3.14 -2.00 -0.73 0.60 1.89 3.04 3.98 4.64 4.97 4.94 4.57 3.88 2.91 ;];
