u15 = [4.94 4.97 4.64 3.98 3.04 1.89 0.60 -0.73 -2.00 -3.14 -4.06 -4.68 -4.98 -4.92 -4.52 -3.80 -2.81 -1.62 -0.31 1.01 2.27 3.36 4.22 4.78 5.00 4.86 4.39 3.60 2.56 1.34 ;4.94 4.97 4.64 3.98 3.04 1.89 0.60 -0.73 -2.00 -3.14 -4.06 -4.68 -4.98 -4.92 -4.52 -3.80 -2.81 -1.62 -0.31 1.01 2.27 3.36 4.22 4.78 5.00 4.86 4.39 3.60 2.56 1.34 ;4.94 4.97 4.64 3.98 3.04 1.89 0.60 -0.73 -2.00 -3.14 -4.06 -4.68 -4.98 -4.92 -4.52 -3.80 -2.81 -1.62 -0.31 1.01 2.27 3.36 4.22 4.78 5.00 4.86 4.39 3.60 2.56 1.34 ;4.94 4.97 4.64 3.98 3.04 1.89 0.60 -0.73 -2.00 -3.14 -4.06 -4.68 -4.98 -4.92 -4.52 -3.80 -2.81 -1.62 -0.31 1.01 2.27 3.36 4.22 4.78 5.00 4.86 4.39 3.60 2.56 1.34 ;4.94 4.97 4.64 3.98 3.04 1.89 0.60 -0.73 -2.00 -3.14 -4.06 -4.68 -4.98 -4.92 -4.52 -3.80 -2.81 -1.62 -0.31 1.01 2.27 3.36 4.22 4.78 5.00 4.86 4.39 3.60 2.56 1.34 ;4.94 4.97 4.64 3.98 3.04 1.89 0.60 -0.73 -2.00 -3.14 -4.06 -4.68 -4.98 -4.92 -4.52 -3.80 -2.81 -1.62 -0.31 1.01 2.27 3.36 4.22 4.78 5.00 4.86 4.39 3.60 2.56 1.34 ;4.94 4.97 4.64 3.98 3.04 1.89 0.60 -0.73 -2.00 -3.14 -4.06 -4.68 -4.98 -4.92 -4.52 -3.80 -2.81 -1.62 -0.31 1.01 2.27 3.36 4.22 4.78 5.00 4.86 4.39 3.60 2.56 1.34 ;4.94 4.97 4.64 3.98 3.04 1.89 0.60 -0.73 -2.00 -3.14 -4.06 -4.68 -4.98 -4.92 -4.52 -3.80 -2.81 -1.62 -0.31 1.01 2.27 3.36 4.22 4.78 5.00 4.86 4.39 3.60 2.56 1.34 ;4.94 4.97 4.64 3.98 3.04 1.89 0.60 -0.73 -2.00 -3.14 -4.06 -4.68 -4.98 -4.92 -4.52 -3.80 -2.81 -1.62 -0.31 1.01 2.27 3.36 4.22 4.78 5.00 4.86 4.39 3.60 2.56 1.34 ;4.94 4.97 4.64 3.98 3.04 1.89 0.60 -0.73 -2.00 -3.14 -4.06 -4.68 -4.98 -4.92 -4.52 -3.80 -2.81 -1.62 -0.31 1.01 2.27 3.36 4.22 4.78 5.00 4.86 4.39 3.60 2.56 1.34 ;4.94 4.97 4.64 3.98 3.04 1.89 0.60 -0.73 -2.00 -3.14 -4.06 -4.68 -4.98 -4.92 -4.52 -3.80 -2.81 -1.62 -0.31 1.01 2.27 3.36 4.22 4.78 5.00 4.86 4.39 3.60 2.56 1.34 ;4.94 4.97 4.64 3.98 3.04 1.89 0.60 -0.73 -2.00 -3.14 -4.06 -4.68 -4.98 -4.92 -4.52 -3.80 -2.81 -1.62 -0.31 1.01 2.27 3.36 4.22 4.78 5.00 4.86 4.39 3.60 2.56 1.34 ;4.94 4.97 4.64 3.98 3.04 1.89 0.60 -0.73 -2.00 -3.14 -4.06 -4.68 -4.98 -4.92 -4.52 -3.80 -2.81 -1.62 -0.31 1.01 2.27 3.36 4.22 4.78 5.00 4.86 4.39 3.60 2.56 1.34 ;4.94 4.97 4.64 3.98 3.04 1.89 0.60 -0.73 -2.00 -3.14 -4.06 -4.68 -4.98 -4.92 -4.52 -3.80 -2.81 -1.62 -0.31 1.01 2.27 3.36 4.22 4.78 5.00 4.86 4.39 3.60 2.56 1.34 ;4.94 4.97 4.64 3.98 3.04 1.89 0.60 -0.73 -2.00 -3.14 -4.06 -4.68 -4.98 -4.92 -4.52 -3.80 -2.81 -1.62 -0.31 1.01 2.27 3.36 4.22 4.78 5.00 4.86 4.39 3.60 2.56 1.34 ;4.94 4.97 4.64 3.98 3.04 1.89 0.60 -0.73 -2.00 -3.14 -4.06 -4.68 -4.98 -4.92 -4.52 -3.80 -2.81 -1.62 -0.31 1.01 2.27 3.36 4.22 4.78 5.00 4.86 4.39 3.60 2.56 1.34 ;4.94 4.97 4.64 3.98 3.04 1.89 0.60 -0.73 -2.00 -3.14 -4.06 -4.68 -4.98 -4.92 -4.52 -3.80 -2.81 -1.62 -0.31 1.01 2.27 3.36 4.22 4.78 5.00 4.86 4.39 3.60 2.56 1.34 ;4.94 4.97 4.64 3.98 3.04 1.89 0.60 -0.73 -2.00 -3.14 -4.06 -4.68 -4.98 -4.92 -4.52 -3.80 -2.81 -1.62 -0.31 1.01 2.27 3.36 4.22 4.78 5.00 4.86 4.39 3.60 2.56 1.34 ;4.94 4.97 4.64 3.98 3.04 1.89 0.60 -0.73 -2.00 -3.14 -4.06 -4.68 -4.98 -4.92 -4.52 -3.80 -2.81 -1.62 -0.31 1.01 2.27 3.36 4.22 4.78 5.00 4.86 4.39 3.60 2.56 1.34 ;4.94 4.97 4.64 3.98 3.04 1.89 0.60 -0.73 -2.00 -3.14 -4.06 -4.68 -4.98 -4.92 -4.52 -3.80 -2.81 -1.62 -0.31 1.01 2.27 3.36 4.22 4.78 5.00 4.86 4.39 3.60 2.56 1.34 ;4.94 4.97 4.64 3.98 3.04 1.89 0.60 -0.73 -2.00 -3.14 -4.06 -4.68 -4.98 -4.92 -4.52 -3.80 -2.81 -1.62 -0.31 1.01 2.27 3.36 4.22 4.78 5.00 4.86 4.39 3.60 2.56 1.34 ;4.94 4.97 4.64 3.98 3.04 1.89 0.60 -0.73 -2.00 -3.14 -4.06 -4.68 -4.98 -4.92 -4.52 -3.80 -2.81 -1.62 -0.31 1.01 2.27 3.36 4.22 4.78 5.00 4.86 4.39 3.60 2.56 1.34 ;4.94 4.97 4.64 3.98 3.04 1.89 0.60 -0.73 -2.00 -3.14 -4.06 -4.68 -4.98 -4.92 -4.52 -3.80 -2.81 -1.62 -0.31 1.01 2.27 3.36 4.22 4.78 5.00 4.86 4.39 3.60 2.56 1.34 ;4.94 4.97 4.64 3.98 3.04 1.89 0.60 -0.73 -2.00 -3.14 -4.06 -4.68 -4.98 -4.92 -4.52 -3.80 -2.81 -1.62 -0.31 1.01 2.27 3.36 4.22 4.78 5.00 4.86 4.39 3.60 2.56 1.34 ;4.94 4.97 4.64 3.98 3.04 1.89 0.60 -0.73 -2.00 -3.14 -4.06 -4.68 -4.98 -4.92 -4.52 -3.80 -2.81 -1.62 -0.31 1.01 2.27 3.36 4.22 4.78 5.00 4.86 4.39 3.60 2.56 1.34 ;4.94 4.97 4.64 3.98 3.04 1.89 0.60 -0.73 -2.00 -3.14 -4.06 -4.68 -4.98 -4.92 -4.52 -3.80 -2.81 -1.62 -0.31 1.01 2.27 3.36 4.22 4.78 5.00 4.86 4.39 3.60 2.56 1.34 ;4.94 4.97 4.64 3.98 3.04 1.89 0.60 -0.73 -2.00 -3.14 -4.06 -4.68 -4.98 -4.92 -4.52 -3.80 -2.81 -1.62 -0.31 1.01 2.27 3.36 4.22 4.78 5.00 4.86 4.39 3.60 2.56 1.34 ;4.94 4.97 4.64 3.98 3.04 1.89 0.60 -0.73 -2.00 -3.14 -4.06 -4.68 -4.98 -4.92 -4.52 -3.80 -2.81 -1.62 -0.31 1.01 2.27 3.36 4.22 4.78 5.00 4.86 4.39 3.60 2.56 1.34 ;4.94 4.97 4.64 3.98 3.04 1.89 0.60 -0.73 -2.00 -3.14 -4.06 -4.68 -4.98 -4.92 -4.52 -3.80 -2.81 -1.62 -0.31 1.01 2.27 3.36 4.22 4.78 5.00 4.86 4.39 3.60 2.56 1.34 ;4.94 4.97 4.64 3.98 3.04 1.89 0.60 -0.73 -2.00 -3.14 -4.06 -4.68 -4.98 -4.92 -4.52 -3.80 -2.81 -1.62 -0.31 1.01 2.27 3.36 4.22 4.78 5.00 4.86 4.39 3.60 2.56 1.34 ;];
