u72 = [3.76 4.49 4.91 4.98 4.70 4.09 3.19 2.06 0.78 -0.54 -1.84 -3.00 -3.95 -4.62 -4.96 -4.95 -4.60 -3.91 -2.96 -1.79 -0.49 0.83 2.10 3.22 4.12 4.72 4.99 4.90 4.47 3.73 ;3.76 4.49 4.91 4.98 4.70 4.09 3.19 2.06 0.78 -0.54 -1.84 -3.00 -3.95 -4.62 -4.96 -4.95 -4.60 -3.91 -2.96 -1.79 -0.49 0.83 2.10 3.22 4.12 4.72 4.99 4.90 4.47 3.73 ;3.76 4.49 4.91 4.98 4.70 4.09 3.19 2.06 0.78 -0.54 -1.84 -3.00 -3.95 -4.62 -4.96 -4.95 -4.60 -3.91 -2.96 -1.79 -0.49 0.83 2.10 3.22 4.12 4.72 4.99 4.90 4.47 3.73 ;3.76 4.49 4.91 4.98 4.70 4.09 3.19 2.06 0.78 -0.54 -1.84 -3.00 -3.95 -4.62 -4.96 -4.95 -4.60 -3.91 -2.96 -1.79 -0.49 0.83 2.10 3.22 4.12 4.72 4.99 4.90 4.47 3.73 ;3.76 4.49 4.91 4.98 4.70 4.09 3.19 2.06 0.78 -0.54 -1.84 -3.00 -3.95 -4.62 -4.96 -4.95 -4.60 -3.91 -2.96 -1.79 -0.49 0.83 2.10 3.22 4.12 4.72 4.99 4.90 4.47 3.73 ;3.76 4.49 4.91 4.98 4.70 4.09 3.19 2.06 0.78 -0.54 -1.84 -3.00 -3.95 -4.62 -4.96 -4.95 -4.60 -3.91 -2.96 -1.79 -0.49 0.83 2.10 3.22 4.12 4.72 4.99 4.90 4.47 3.73 ;3.76 4.49 4.91 4.98 4.70 4.09 3.19 2.06 0.78 -0.54 -1.84 -3.00 -3.95 -4.62 -4.96 -4.95 -4.60 -3.91 -2.96 -1.79 -0.49 0.83 2.10 3.22 4.12 4.72 4.99 4.90 4.47 3.73 ;3.76 4.49 4.91 4.98 4.70 4.09 3.19 2.06 0.78 -0.54 -1.84 -3.00 -3.95 -4.62 -4.96 -4.95 -4.60 -3.91 -2.96 -1.79 -0.49 0.83 2.10 3.22 4.12 4.72 4.99 4.90 4.47 3.73 ;3.76 4.49 4.91 4.98 4.70 4.09 3.19 2.06 0.78 -0.54 -1.84 -3.00 -3.95 -4.62 -4.96 -4.95 -4.60 -3.91 -2.96 -1.79 -0.49 0.83 2.10 3.22 4.12 4.72 4.99 4.90 4.47 3.73 ;3.76 4.49 4.91 4.98 4.70 4.09 3.19 2.06 0.78 -0.54 -1.84 -3.00 -3.95 -4.62 -4.96 -4.95 -4.60 -3.91 -2.96 -1.79 -0.49 0.83 2.10 3.22 4.12 4.72 4.99 4.90 4.47 3.73 ;3.76 4.49 4.91 4.98 4.70 4.09 3.19 2.06 0.78 -0.54 -1.84 -3.00 -3.95 -4.62 -4.96 -4.95 -4.60 -3.91 -2.96 -1.79 -0.49 0.83 2.10 3.22 4.12 4.72 4.99 4.90 4.47 3.73 ;3.76 4.49 4.91 4.98 4.70 4.09 3.19 2.06 0.78 -0.54 -1.84 -3.00 -3.95 -4.62 -4.96 -4.95 -4.60 -3.91 -2.96 -1.79 -0.49 0.83 2.10 3.22 4.12 4.72 4.99 4.90 4.47 3.73 ;3.76 4.49 4.91 4.98 4.70 4.09 3.19 2.06 0.78 -0.54 -1.84 -3.00 -3.95 -4.62 -4.96 -4.95 -4.60 -3.91 -2.96 -1.79 -0.49 0.83 2.10 3.22 4.12 4.72 4.99 4.90 4.47 3.73 ;3.76 4.49 4.91 4.98 4.70 4.09 3.19 2.06 0.78 -0.54 -1.84 -3.00 -3.95 -4.62 -4.96 -4.95 -4.60 -3.91 -2.96 -1.79 -0.49 0.83 2.10 3.22 4.12 4.72 4.99 4.90 4.47 3.73 ;3.76 4.49 4.91 4.98 4.70 4.09 3.19 2.06 0.78 -0.54 -1.84 -3.00 -3.95 -4.62 -4.96 -4.95 -4.60 -3.91 -2.96 -1.79 -0.49 0.83 2.10 3.22 4.12 4.72 4.99 4.90 4.47 3.73 ;3.76 4.49 4.91 4.98 4.70 4.09 3.19 2.06 0.78 -0.54 -1.84 -3.00 -3.95 -4.62 -4.96 -4.95 -4.60 -3.91 -2.96 -1.79 -0.49 0.83 2.10 3.22 4.12 4.72 4.99 4.90 4.47 3.73 ;3.76 4.49 4.91 4.98 4.70 4.09 3.19 2.06 0.78 -0.54 -1.84 -3.00 -3.95 -4.62 -4.96 -4.95 -4.60 -3.91 -2.96 -1.79 -0.49 0.83 2.10 3.22 4.12 4.72 4.99 4.90 4.47 3.73 ;3.76 4.49 4.91 4.98 4.70 4.09 3.19 2.06 0.78 -0.54 -1.84 -3.00 -3.95 -4.62 -4.96 -4.95 -4.60 -3.91 -2.96 -1.79 -0.49 0.83 2.10 3.22 4.12 4.72 4.99 4.90 4.47 3.73 ;3.76 4.49 4.91 4.98 4.70 4.09 3.19 2.06 0.78 -0.54 -1.84 -3.00 -3.95 -4.62 -4.96 -4.95 -4.60 -3.91 -2.96 -1.79 -0.49 0.83 2.10 3.22 4.12 4.72 4.99 4.90 4.47 3.73 ;3.76 4.49 4.91 4.98 4.70 4.09 3.19 2.06 0.78 -0.54 -1.84 -3.00 -3.95 -4.62 -4.96 -4.95 -4.60 -3.91 -2.96 -1.79 -0.49 0.83 2.10 3.22 4.12 4.72 4.99 4.90 4.47 3.73 ;3.76 4.49 4.91 4.98 4.70 4.09 3.19 2.06 0.78 -0.54 -1.84 -3.00 -3.95 -4.62 -4.96 -4.95 -4.60 -3.91 -2.96 -1.79 -0.49 0.83 2.10 3.22 4.12 4.72 4.99 4.90 4.47 3.73 ;3.76 4.49 4.91 4.98 4.70 4.09 3.19 2.06 0.78 -0.54 -1.84 -3.00 -3.95 -4.62 -4.96 -4.95 -4.60 -3.91 -2.96 -1.79 -0.49 0.83 2.10 3.22 4.12 4.72 4.99 4.90 4.47 3.73 ;3.76 4.49 4.91 4.98 4.70 4.09 3.19 2.06 0.78 -0.54 -1.84 -3.00 -3.95 -4.62 -4.96 -4.95 -4.60 -3.91 -2.96 -1.79 -0.49 0.83 2.10 3.22 4.12 4.72 4.99 4.90 4.47 3.73 ;3.76 4.49 4.91 4.98 4.70 4.09 3.19 2.06 0.78 -0.54 -1.84 -3.00 -3.95 -4.62 -4.96 -4.95 -4.60 -3.91 -2.96 -1.79 -0.49 0.83 2.10 3.22 4.12 4.72 4.99 4.90 4.47 3.73 ;3.76 4.49 4.91 4.98 4.70 4.09 3.19 2.06 0.78 -0.54 -1.84 -3.00 -3.95 -4.62 -4.96 -4.95 -4.60 -3.91 -2.96 -1.79 -0.49 0.83 2.10 3.22 4.12 4.72 4.99 4.90 4.47 3.73 ;3.76 4.49 4.91 4.98 4.70 4.09 3.19 2.06 0.78 -0.54 -1.84 -3.00 -3.95 -4.62 -4.96 -4.95 -4.60 -3.91 -2.96 -1.79 -0.49 0.83 2.10 3.22 4.12 4.72 4.99 4.90 4.47 3.73 ;3.76 4.49 4.91 4.98 4.70 4.09 3.19 2.06 0.78 -0.54 -1.84 -3.00 -3.95 -4.62 -4.96 -4.95 -4.60 -3.91 -2.96 -1.79 -0.49 0.83 2.10 3.22 4.12 4.72 4.99 4.90 4.47 3.73 ;3.76 4.49 4.91 4.98 4.70 4.09 3.19 2.06 0.78 -0.54 -1.84 -3.00 -3.95 -4.62 -4.96 -4.95 -4.60 -3.91 -2.96 -1.79 -0.49 0.83 2.10 3.22 4.12 4.72 4.99 4.90 4.47 3.73 ;3.76 4.49 4.91 4.98 4.70 4.09 3.19 2.06 0.78 -0.54 -1.84 -3.00 -3.95 -4.62 -4.96 -4.95 -4.60 -3.91 -2.96 -1.79 -0.49 0.83 2.10 3.22 4.12 4.72 4.99 4.90 4.47 3.73 ;3.76 4.49 4.91 4.98 4.70 4.09 3.19 2.06 0.78 -0.54 -1.84 -3.00 -3.95 -4.62 -4.96 -4.95 -4.60 -3.91 -2.96 -1.79 -0.49 0.83 2.10 3.22 4.12 4.72 4.99 4.90 4.47 3.73 ;];
