u46 = [4.48 4.91 4.99 4.71 4.11 3.21 2.09 0.82 -0.51 -1.80 -2.97 -3.92 -4.60 -4.95 -4.96 -4.61 -3.93 -2.98 -1.82 -0.53 0.80 2.07 3.20 4.10 4.71 4.99 4.91 4.49 3.75 2.74 ;4.48 4.91 4.99 4.71 4.11 3.21 2.09 0.82 -0.51 -1.80 -2.97 -3.92 -4.60 -4.95 -4.96 -4.61 -3.93 -2.98 -1.82 -0.53 0.80 2.07 3.20 4.10 4.71 4.99 4.91 4.49 3.75 2.74 ;4.48 4.91 4.99 4.71 4.11 3.21 2.09 0.82 -0.51 -1.80 -2.97 -3.92 -4.60 -4.95 -4.96 -4.61 -3.93 -2.98 -1.82 -0.53 0.80 2.07 3.20 4.10 4.71 4.99 4.91 4.49 3.75 2.74 ;4.48 4.91 4.99 4.71 4.11 3.21 2.09 0.82 -0.51 -1.80 -2.97 -3.92 -4.60 -4.95 -4.96 -4.61 -3.93 -2.98 -1.82 -0.53 0.80 2.07 3.20 4.10 4.71 4.99 4.91 4.49 3.75 2.74 ;4.48 4.91 4.99 4.71 4.11 3.21 2.09 0.82 -0.51 -1.80 -2.97 -3.92 -4.60 -4.95 -4.96 -4.61 -3.93 -2.98 -1.82 -0.53 0.80 2.07 3.20 4.10 4.71 4.99 4.91 4.49 3.75 2.74 ;4.48 4.91 4.99 4.71 4.11 3.21 2.09 0.82 -0.51 -1.80 -2.97 -3.92 -4.60 -4.95 -4.96 -4.61 -3.93 -2.98 -1.82 -0.53 0.80 2.07 3.20 4.10 4.71 4.99 4.91 4.49 3.75 2.74 ;4.48 4.91 4.99 4.71 4.11 3.21 2.09 0.82 -0.51 -1.80 -2.97 -3.92 -4.60 -4.95 -4.96 -4.61 -3.93 -2.98 -1.82 -0.53 0.80 2.07 3.20 4.10 4.71 4.99 4.91 4.49 3.75 2.74 ;4.48 4.91 4.99 4.71 4.11 3.21 2.09 0.82 -0.51 -1.80 -2.97 -3.92 -4.60 -4.95 -4.96 -4.61 -3.93 -2.98 -1.82 -0.53 0.80 2.07 3.20 4.10 4.71 4.99 4.91 4.49 3.75 2.74 ;4.48 4.91 4.99 4.71 4.11 3.21 2.09 0.82 -0.51 -1.80 -2.97 -3.92 -4.60 -4.95 -4.96 -4.61 -3.93 -2.98 -1.82 -0.53 0.80 2.07 3.20 4.10 4.71 4.99 4.91 4.49 3.75 2.74 ;4.48 4.91 4.99 4.71 4.11 3.21 2.09 0.82 -0.51 -1.80 -2.97 -3.92 -4.60 -4.95 -4.96 -4.61 -3.93 -2.98 -1.82 -0.53 0.80 2.07 3.20 4.10 4.71 4.99 4.91 4.49 3.75 2.74 ;4.48 4.91 4.99 4.71 4.11 3.21 2.09 0.82 -0.51 -1.80 -2.97 -3.92 -4.60 -4.95 -4.96 -4.61 -3.93 -2.98 -1.82 -0.53 0.80 2.07 3.20 4.10 4.71 4.99 4.91 4.49 3.75 2.74 ;4.48 4.91 4.99 4.71 4.11 3.21 2.09 0.82 -0.51 -1.80 -2.97 -3.92 -4.60 -4.95 -4.96 -4.61 -3.93 -2.98 -1.82 -0.53 0.80 2.07 3.20 4.10 4.71 4.99 4.91 4.49 3.75 2.74 ;4.48 4.91 4.99 4.71 4.11 3.21 2.09 0.82 -0.51 -1.80 -2.97 -3.92 -4.60 -4.95 -4.96 -4.61 -3.93 -2.98 -1.82 -0.53 0.80 2.07 3.20 4.10 4.71 4.99 4.91 4.49 3.75 2.74 ;4.48 4.91 4.99 4.71 4.11 3.21 2.09 0.82 -0.51 -1.80 -2.97 -3.92 -4.60 -4.95 -4.96 -4.61 -3.93 -2.98 -1.82 -0.53 0.80 2.07 3.20 4.10 4.71 4.99 4.91 4.49 3.75 2.74 ;4.48 4.91 4.99 4.71 4.11 3.21 2.09 0.82 -0.51 -1.80 -2.97 -3.92 -4.60 -4.95 -4.96 -4.61 -3.93 -2.98 -1.82 -0.53 0.80 2.07 3.20 4.10 4.71 4.99 4.91 4.49 3.75 2.74 ;4.48 4.91 4.99 4.71 4.11 3.21 2.09 0.82 -0.51 -1.80 -2.97 -3.92 -4.60 -4.95 -4.96 -4.61 -3.93 -2.98 -1.82 -0.53 0.80 2.07 3.20 4.10 4.71 4.99 4.91 4.49 3.75 2.74 ;4.48 4.91 4.99 4.71 4.11 3.21 2.09 0.82 -0.51 -1.80 -2.97 -3.92 -4.60 -4.95 -4.96 -4.61 -3.93 -2.98 -1.82 -0.53 0.80 2.07 3.20 4.10 4.71 4.99 4.91 4.49 3.75 2.74 ;4.48 4.91 4.99 4.71 4.11 3.21 2.09 0.82 -0.51 -1.80 -2.97 -3.92 -4.60 -4.95 -4.96 -4.61 -3.93 -2.98 -1.82 -0.53 0.80 2.07 3.20 4.10 4.71 4.99 4.91 4.49 3.75 2.74 ;4.48 4.91 4.99 4.71 4.11 3.21 2.09 0.82 -0.51 -1.80 -2.97 -3.92 -4.60 -4.95 -4.96 -4.61 -3.93 -2.98 -1.82 -0.53 0.80 2.07 3.20 4.10 4.71 4.99 4.91 4.49 3.75 2.74 ;4.48 4.91 4.99 4.71 4.11 3.21 2.09 0.82 -0.51 -1.80 -2.97 -3.92 -4.60 -4.95 -4.96 -4.61 -3.93 -2.98 -1.82 -0.53 0.80 2.07 3.20 4.10 4.71 4.99 4.91 4.49 3.75 2.74 ;4.48 4.91 4.99 4.71 4.11 3.21 2.09 0.82 -0.51 -1.80 -2.97 -3.92 -4.60 -4.95 -4.96 -4.61 -3.93 -2.98 -1.82 -0.53 0.80 2.07 3.20 4.10 4.71 4.99 4.91 4.49 3.75 2.74 ;4.48 4.91 4.99 4.71 4.11 3.21 2.09 0.82 -0.51 -1.80 -2.97 -3.92 -4.60 -4.95 -4.96 -4.61 -3.93 -2.98 -1.82 -0.53 0.80 2.07 3.20 4.10 4.71 4.99 4.91 4.49 3.75 2.74 ;4.48 4.91 4.99 4.71 4.11 3.21 2.09 0.82 -0.51 -1.80 -2.97 -3.92 -4.60 -4.95 -4.96 -4.61 -3.93 -2.98 -1.82 -0.53 0.80 2.07 3.20 4.10 4.71 4.99 4.91 4.49 3.75 2.74 ;4.48 4.91 4.99 4.71 4.11 3.21 2.09 0.82 -0.51 -1.80 -2.97 -3.92 -4.60 -4.95 -4.96 -4.61 -3.93 -2.98 -1.82 -0.53 0.80 2.07 3.20 4.10 4.71 4.99 4.91 4.49 3.75 2.74 ;4.48 4.91 4.99 4.71 4.11 3.21 2.09 0.82 -0.51 -1.80 -2.97 -3.92 -4.60 -4.95 -4.96 -4.61 -3.93 -2.98 -1.82 -0.53 0.80 2.07 3.20 4.10 4.71 4.99 4.91 4.49 3.75 2.74 ;4.48 4.91 4.99 4.71 4.11 3.21 2.09 0.82 -0.51 -1.80 -2.97 -3.92 -4.60 -4.95 -4.96 -4.61 -3.93 -2.98 -1.82 -0.53 0.80 2.07 3.20 4.10 4.71 4.99 4.91 4.49 3.75 2.74 ;4.48 4.91 4.99 4.71 4.11 3.21 2.09 0.82 -0.51 -1.80 -2.97 -3.92 -4.60 -4.95 -4.96 -4.61 -3.93 -2.98 -1.82 -0.53 0.80 2.07 3.20 4.10 4.71 4.99 4.91 4.49 3.75 2.74 ;4.48 4.91 4.99 4.71 4.11 3.21 2.09 0.82 -0.51 -1.80 -2.97 -3.92 -4.60 -4.95 -4.96 -4.61 -3.93 -2.98 -1.82 -0.53 0.80 2.07 3.20 4.10 4.71 4.99 4.91 4.49 3.75 2.74 ;4.48 4.91 4.99 4.71 4.11 3.21 2.09 0.82 -0.51 -1.80 -2.97 -3.92 -4.60 -4.95 -4.96 -4.61 -3.93 -2.98 -1.82 -0.53 0.80 2.07 3.20 4.10 4.71 4.99 4.91 4.49 3.75 2.74 ;4.48 4.91 4.99 4.71 4.11 3.21 2.09 0.82 -0.51 -1.80 -2.97 -3.92 -4.60 -4.95 -4.96 -4.61 -3.93 -2.98 -1.82 -0.53 0.80 2.07 3.20 4.10 4.71 4.99 4.91 4.49 3.75 2.74 ;];
