u65 = [3.98 4.64 4.97 4.94 4.57 3.88 2.91 1.73 0.44 -0.89 -2.16 -3.27 -4.15 -4.74 -4.99 -4.89 -4.45 -3.69 -2.67 -1.46 -0.15 1.18 2.42 3.48 4.31 4.82 5.00 4.82 4.31 3.48 ;3.98 4.64 4.97 4.94 4.57 3.88 2.91 1.73 0.44 -0.89 -2.16 -3.27 -4.15 -4.74 -4.99 -4.89 -4.45 -3.69 -2.67 -1.46 -0.15 1.18 2.42 3.48 4.31 4.82 5.00 4.82 4.31 3.48 ;3.98 4.64 4.97 4.94 4.57 3.88 2.91 1.73 0.44 -0.89 -2.16 -3.27 -4.15 -4.74 -4.99 -4.89 -4.45 -3.69 -2.67 -1.46 -0.15 1.18 2.42 3.48 4.31 4.82 5.00 4.82 4.31 3.48 ;3.98 4.64 4.97 4.94 4.57 3.88 2.91 1.73 0.44 -0.89 -2.16 -3.27 -4.15 -4.74 -4.99 -4.89 -4.45 -3.69 -2.67 -1.46 -0.15 1.18 2.42 3.48 4.31 4.82 5.00 4.82 4.31 3.48 ;3.98 4.64 4.97 4.94 4.57 3.88 2.91 1.73 0.44 -0.89 -2.16 -3.27 -4.15 -4.74 -4.99 -4.89 -4.45 -3.69 -2.67 -1.46 -0.15 1.18 2.42 3.48 4.31 4.82 5.00 4.82 4.31 3.48 ;3.98 4.64 4.97 4.94 4.57 3.88 2.91 1.73 0.44 -0.89 -2.16 -3.27 -4.15 -4.74 -4.99 -4.89 -4.45 -3.69 -2.67 -1.46 -0.15 1.18 2.42 3.48 4.31 4.82 5.00 4.82 4.31 3.48 ;3.98 4.64 4.97 4.94 4.57 3.88 2.91 1.73 0.44 -0.89 -2.16 -3.27 -4.15 -4.74 -4.99 -4.89 -4.45 -3.69 -2.67 -1.46 -0.15 1.18 2.42 3.48 4.31 4.82 5.00 4.82 4.31 3.48 ;3.98 4.64 4.97 4.94 4.57 3.88 2.91 1.73 0.44 -0.89 -2.16 -3.27 -4.15 -4.74 -4.99 -4.89 -4.45 -3.69 -2.67 -1.46 -0.15 1.18 2.42 3.48 4.31 4.82 5.00 4.82 4.31 3.48 ;3.98 4.64 4.97 4.94 4.57 3.88 2.91 1.73 0.44 -0.89 -2.16 -3.27 -4.15 -4.74 -4.99 -4.89 -4.45 -3.69 -2.67 -1.46 -0.15 1.18 2.42 3.48 4.31 4.82 5.00 4.82 4.31 3.48 ;3.98 4.64 4.97 4.94 4.57 3.88 2.91 1.73 0.44 -0.89 -2.16 -3.27 -4.15 -4.74 -4.99 -4.89 -4.45 -3.69 -2.67 -1.46 -0.15 1.18 2.42 3.48 4.31 4.82 5.00 4.82 4.31 3.48 ;3.98 4.64 4.97 4.94 4.57 3.88 2.91 1.73 0.44 -0.89 -2.16 -3.27 -4.15 -4.74 -4.99 -4.89 -4.45 -3.69 -2.67 -1.46 -0.15 1.18 2.42 3.48 4.31 4.82 5.00 4.82 4.31 3.48 ;3.98 4.64 4.97 4.94 4.57 3.88 2.91 1.73 0.44 -0.89 -2.16 -3.27 -4.15 -4.74 -4.99 -4.89 -4.45 -3.69 -2.67 -1.46 -0.15 1.18 2.42 3.48 4.31 4.82 5.00 4.82 4.31 3.48 ;3.98 4.64 4.97 4.94 4.57 3.88 2.91 1.73 0.44 -0.89 -2.16 -3.27 -4.15 -4.74 -4.99 -4.89 -4.45 -3.69 -2.67 -1.46 -0.15 1.18 2.42 3.48 4.31 4.82 5.00 4.82 4.31 3.48 ;3.98 4.64 4.97 4.94 4.57 3.88 2.91 1.73 0.44 -0.89 -2.16 -3.27 -4.15 -4.74 -4.99 -4.89 -4.45 -3.69 -2.67 -1.46 -0.15 1.18 2.42 3.48 4.31 4.82 5.00 4.82 4.31 3.48 ;3.98 4.64 4.97 4.94 4.57 3.88 2.91 1.73 0.44 -0.89 -2.16 -3.27 -4.15 -4.74 -4.99 -4.89 -4.45 -3.69 -2.67 -1.46 -0.15 1.18 2.42 3.48 4.31 4.82 5.00 4.82 4.31 3.48 ;3.98 4.64 4.97 4.94 4.57 3.88 2.91 1.73 0.44 -0.89 -2.16 -3.27 -4.15 -4.74 -4.99 -4.89 -4.45 -3.69 -2.67 -1.46 -0.15 1.18 2.42 3.48 4.31 4.82 5.00 4.82 4.31 3.48 ;3.98 4.64 4.97 4.94 4.57 3.88 2.91 1.73 0.44 -0.89 -2.16 -3.27 -4.15 -4.74 -4.99 -4.89 -4.45 -3.69 -2.67 -1.46 -0.15 1.18 2.42 3.48 4.31 4.82 5.00 4.82 4.31 3.48 ;3.98 4.64 4.97 4.94 4.57 3.88 2.91 1.73 0.44 -0.89 -2.16 -3.27 -4.15 -4.74 -4.99 -4.89 -4.45 -3.69 -2.67 -1.46 -0.15 1.18 2.42 3.48 4.31 4.82 5.00 4.82 4.31 3.48 ;3.98 4.64 4.97 4.94 4.57 3.88 2.91 1.73 0.44 -0.89 -2.16 -3.27 -4.15 -4.74 -4.99 -4.89 -4.45 -3.69 -2.67 -1.46 -0.15 1.18 2.42 3.48 4.31 4.82 5.00 4.82 4.31 3.48 ;3.98 4.64 4.97 4.94 4.57 3.88 2.91 1.73 0.44 -0.89 -2.16 -3.27 -4.15 -4.74 -4.99 -4.89 -4.45 -3.69 -2.67 -1.46 -0.15 1.18 2.42 3.48 4.31 4.82 5.00 4.82 4.31 3.48 ;3.98 4.64 4.97 4.94 4.57 3.88 2.91 1.73 0.44 -0.89 -2.16 -3.27 -4.15 -4.74 -4.99 -4.89 -4.45 -3.69 -2.67 -1.46 -0.15 1.18 2.42 3.48 4.31 4.82 5.00 4.82 4.31 3.48 ;3.98 4.64 4.97 4.94 4.57 3.88 2.91 1.73 0.44 -0.89 -2.16 -3.27 -4.15 -4.74 -4.99 -4.89 -4.45 -3.69 -2.67 -1.46 -0.15 1.18 2.42 3.48 4.31 4.82 5.00 4.82 4.31 3.48 ;3.98 4.64 4.97 4.94 4.57 3.88 2.91 1.73 0.44 -0.89 -2.16 -3.27 -4.15 -4.74 -4.99 -4.89 -4.45 -3.69 -2.67 -1.46 -0.15 1.18 2.42 3.48 4.31 4.82 5.00 4.82 4.31 3.48 ;3.98 4.64 4.97 4.94 4.57 3.88 2.91 1.73 0.44 -0.89 -2.16 -3.27 -4.15 -4.74 -4.99 -4.89 -4.45 -3.69 -2.67 -1.46 -0.15 1.18 2.42 3.48 4.31 4.82 5.00 4.82 4.31 3.48 ;3.98 4.64 4.97 4.94 4.57 3.88 2.91 1.73 0.44 -0.89 -2.16 -3.27 -4.15 -4.74 -4.99 -4.89 -4.45 -3.69 -2.67 -1.46 -0.15 1.18 2.42 3.48 4.31 4.82 5.00 4.82 4.31 3.48 ;3.98 4.64 4.97 4.94 4.57 3.88 2.91 1.73 0.44 -0.89 -2.16 -3.27 -4.15 -4.74 -4.99 -4.89 -4.45 -3.69 -2.67 -1.46 -0.15 1.18 2.42 3.48 4.31 4.82 5.00 4.82 4.31 3.48 ;3.98 4.64 4.97 4.94 4.57 3.88 2.91 1.73 0.44 -0.89 -2.16 -3.27 -4.15 -4.74 -4.99 -4.89 -4.45 -3.69 -2.67 -1.46 -0.15 1.18 2.42 3.48 4.31 4.82 5.00 4.82 4.31 3.48 ;3.98 4.64 4.97 4.94 4.57 3.88 2.91 1.73 0.44 -0.89 -2.16 -3.27 -4.15 -4.74 -4.99 -4.89 -4.45 -3.69 -2.67 -1.46 -0.15 1.18 2.42 3.48 4.31 4.82 5.00 4.82 4.31 3.48 ;3.98 4.64 4.97 4.94 4.57 3.88 2.91 1.73 0.44 -0.89 -2.16 -3.27 -4.15 -4.74 -4.99 -4.89 -4.45 -3.69 -2.67 -1.46 -0.15 1.18 2.42 3.48 4.31 4.82 5.00 4.82 4.31 3.48 ;3.98 4.64 4.97 4.94 4.57 3.88 2.91 1.73 0.44 -0.89 -2.16 -3.27 -4.15 -4.74 -4.99 -4.89 -4.45 -3.69 -2.67 -1.46 -0.15 1.18 2.42 3.48 4.31 4.82 5.00 4.82 4.31 3.48 ;];
