u68 = [3.89 4.58 4.95 4.96 4.63 3.97 3.03 1.87 0.59 -0.74 -2.02 -3.15 -4.06 -4.69 -4.98 -4.92 -4.51 -3.79 -2.79 -1.60 -0.30 1.03 2.28 3.37 4.23 4.78 5.00 4.86 4.38 3.59 ;3.89 4.58 4.95 4.96 4.63 3.97 3.03 1.87 0.59 -0.74 -2.02 -3.15 -4.06 -4.69 -4.98 -4.92 -4.51 -3.79 -2.79 -1.60 -0.30 1.03 2.28 3.37 4.23 4.78 5.00 4.86 4.38 3.59 ;3.89 4.58 4.95 4.96 4.63 3.97 3.03 1.87 0.59 -0.74 -2.02 -3.15 -4.06 -4.69 -4.98 -4.92 -4.51 -3.79 -2.79 -1.60 -0.30 1.03 2.28 3.37 4.23 4.78 5.00 4.86 4.38 3.59 ;3.89 4.58 4.95 4.96 4.63 3.97 3.03 1.87 0.59 -0.74 -2.02 -3.15 -4.06 -4.69 -4.98 -4.92 -4.51 -3.79 -2.79 -1.60 -0.30 1.03 2.28 3.37 4.23 4.78 5.00 4.86 4.38 3.59 ;3.89 4.58 4.95 4.96 4.63 3.97 3.03 1.87 0.59 -0.74 -2.02 -3.15 -4.06 -4.69 -4.98 -4.92 -4.51 -3.79 -2.79 -1.60 -0.30 1.03 2.28 3.37 4.23 4.78 5.00 4.86 4.38 3.59 ;3.89 4.58 4.95 4.96 4.63 3.97 3.03 1.87 0.59 -0.74 -2.02 -3.15 -4.06 -4.69 -4.98 -4.92 -4.51 -3.79 -2.79 -1.60 -0.30 1.03 2.28 3.37 4.23 4.78 5.00 4.86 4.38 3.59 ;3.89 4.58 4.95 4.96 4.63 3.97 3.03 1.87 0.59 -0.74 -2.02 -3.15 -4.06 -4.69 -4.98 -4.92 -4.51 -3.79 -2.79 -1.60 -0.30 1.03 2.28 3.37 4.23 4.78 5.00 4.86 4.38 3.59 ;3.89 4.58 4.95 4.96 4.63 3.97 3.03 1.87 0.59 -0.74 -2.02 -3.15 -4.06 -4.69 -4.98 -4.92 -4.51 -3.79 -2.79 -1.60 -0.30 1.03 2.28 3.37 4.23 4.78 5.00 4.86 4.38 3.59 ;3.89 4.58 4.95 4.96 4.63 3.97 3.03 1.87 0.59 -0.74 -2.02 -3.15 -4.06 -4.69 -4.98 -4.92 -4.51 -3.79 -2.79 -1.60 -0.30 1.03 2.28 3.37 4.23 4.78 5.00 4.86 4.38 3.59 ;3.89 4.58 4.95 4.96 4.63 3.97 3.03 1.87 0.59 -0.74 -2.02 -3.15 -4.06 -4.69 -4.98 -4.92 -4.51 -3.79 -2.79 -1.60 -0.30 1.03 2.28 3.37 4.23 4.78 5.00 4.86 4.38 3.59 ;3.89 4.58 4.95 4.96 4.63 3.97 3.03 1.87 0.59 -0.74 -2.02 -3.15 -4.06 -4.69 -4.98 -4.92 -4.51 -3.79 -2.79 -1.60 -0.30 1.03 2.28 3.37 4.23 4.78 5.00 4.86 4.38 3.59 ;3.89 4.58 4.95 4.96 4.63 3.97 3.03 1.87 0.59 -0.74 -2.02 -3.15 -4.06 -4.69 -4.98 -4.92 -4.51 -3.79 -2.79 -1.60 -0.30 1.03 2.28 3.37 4.23 4.78 5.00 4.86 4.38 3.59 ;3.89 4.58 4.95 4.96 4.63 3.97 3.03 1.87 0.59 -0.74 -2.02 -3.15 -4.06 -4.69 -4.98 -4.92 -4.51 -3.79 -2.79 -1.60 -0.30 1.03 2.28 3.37 4.23 4.78 5.00 4.86 4.38 3.59 ;3.89 4.58 4.95 4.96 4.63 3.97 3.03 1.87 0.59 -0.74 -2.02 -3.15 -4.06 -4.69 -4.98 -4.92 -4.51 -3.79 -2.79 -1.60 -0.30 1.03 2.28 3.37 4.23 4.78 5.00 4.86 4.38 3.59 ;3.89 4.58 4.95 4.96 4.63 3.97 3.03 1.87 0.59 -0.74 -2.02 -3.15 -4.06 -4.69 -4.98 -4.92 -4.51 -3.79 -2.79 -1.60 -0.30 1.03 2.28 3.37 4.23 4.78 5.00 4.86 4.38 3.59 ;3.89 4.58 4.95 4.96 4.63 3.97 3.03 1.87 0.59 -0.74 -2.02 -3.15 -4.06 -4.69 -4.98 -4.92 -4.51 -3.79 -2.79 -1.60 -0.30 1.03 2.28 3.37 4.23 4.78 5.00 4.86 4.38 3.59 ;3.89 4.58 4.95 4.96 4.63 3.97 3.03 1.87 0.59 -0.74 -2.02 -3.15 -4.06 -4.69 -4.98 -4.92 -4.51 -3.79 -2.79 -1.60 -0.30 1.03 2.28 3.37 4.23 4.78 5.00 4.86 4.38 3.59 ;3.89 4.58 4.95 4.96 4.63 3.97 3.03 1.87 0.59 -0.74 -2.02 -3.15 -4.06 -4.69 -4.98 -4.92 -4.51 -3.79 -2.79 -1.60 -0.30 1.03 2.28 3.37 4.23 4.78 5.00 4.86 4.38 3.59 ;3.89 4.58 4.95 4.96 4.63 3.97 3.03 1.87 0.59 -0.74 -2.02 -3.15 -4.06 -4.69 -4.98 -4.92 -4.51 -3.79 -2.79 -1.60 -0.30 1.03 2.28 3.37 4.23 4.78 5.00 4.86 4.38 3.59 ;3.89 4.58 4.95 4.96 4.63 3.97 3.03 1.87 0.59 -0.74 -2.02 -3.15 -4.06 -4.69 -4.98 -4.92 -4.51 -3.79 -2.79 -1.60 -0.30 1.03 2.28 3.37 4.23 4.78 5.00 4.86 4.38 3.59 ;3.89 4.58 4.95 4.96 4.63 3.97 3.03 1.87 0.59 -0.74 -2.02 -3.15 -4.06 -4.69 -4.98 -4.92 -4.51 -3.79 -2.79 -1.60 -0.30 1.03 2.28 3.37 4.23 4.78 5.00 4.86 4.38 3.59 ;3.89 4.58 4.95 4.96 4.63 3.97 3.03 1.87 0.59 -0.74 -2.02 -3.15 -4.06 -4.69 -4.98 -4.92 -4.51 -3.79 -2.79 -1.60 -0.30 1.03 2.28 3.37 4.23 4.78 5.00 4.86 4.38 3.59 ;3.89 4.58 4.95 4.96 4.63 3.97 3.03 1.87 0.59 -0.74 -2.02 -3.15 -4.06 -4.69 -4.98 -4.92 -4.51 -3.79 -2.79 -1.60 -0.30 1.03 2.28 3.37 4.23 4.78 5.00 4.86 4.38 3.59 ;3.89 4.58 4.95 4.96 4.63 3.97 3.03 1.87 0.59 -0.74 -2.02 -3.15 -4.06 -4.69 -4.98 -4.92 -4.51 -3.79 -2.79 -1.60 -0.30 1.03 2.28 3.37 4.23 4.78 5.00 4.86 4.38 3.59 ;3.89 4.58 4.95 4.96 4.63 3.97 3.03 1.87 0.59 -0.74 -2.02 -3.15 -4.06 -4.69 -4.98 -4.92 -4.51 -3.79 -2.79 -1.60 -0.30 1.03 2.28 3.37 4.23 4.78 5.00 4.86 4.38 3.59 ;3.89 4.58 4.95 4.96 4.63 3.97 3.03 1.87 0.59 -0.74 -2.02 -3.15 -4.06 -4.69 -4.98 -4.92 -4.51 -3.79 -2.79 -1.60 -0.30 1.03 2.28 3.37 4.23 4.78 5.00 4.86 4.38 3.59 ;3.89 4.58 4.95 4.96 4.63 3.97 3.03 1.87 0.59 -0.74 -2.02 -3.15 -4.06 -4.69 -4.98 -4.92 -4.51 -3.79 -2.79 -1.60 -0.30 1.03 2.28 3.37 4.23 4.78 5.00 4.86 4.38 3.59 ;3.89 4.58 4.95 4.96 4.63 3.97 3.03 1.87 0.59 -0.74 -2.02 -3.15 -4.06 -4.69 -4.98 -4.92 -4.51 -3.79 -2.79 -1.60 -0.30 1.03 2.28 3.37 4.23 4.78 5.00 4.86 4.38 3.59 ;3.89 4.58 4.95 4.96 4.63 3.97 3.03 1.87 0.59 -0.74 -2.02 -3.15 -4.06 -4.69 -4.98 -4.92 -4.51 -3.79 -2.79 -1.60 -0.30 1.03 2.28 3.37 4.23 4.78 5.00 4.86 4.38 3.59 ;3.89 4.58 4.95 4.96 4.63 3.97 3.03 1.87 0.59 -0.74 -2.02 -3.15 -4.06 -4.69 -4.98 -4.92 -4.51 -3.79 -2.79 -1.60 -0.30 1.03 2.28 3.37 4.23 4.78 5.00 4.86 4.38 3.59 ;];
