u29 = [4.79 5.00 4.85 4.36 3.57 2.52 1.29 -0.03 -1.35 -2.57 -3.61 -4.39 -4.87 -5.00 -4.77 -4.21 -3.36 -2.26 -1.01 0.32 1.62 2.81 3.80 4.52 4.93 4.98 4.68 4.05 3.13 2.00 ;4.79 5.00 4.85 4.36 3.57 2.52 1.29 -0.03 -1.35 -2.57 -3.61 -4.39 -4.87 -5.00 -4.77 -4.21 -3.36 -2.26 -1.01 0.32 1.62 2.81 3.80 4.52 4.93 4.98 4.68 4.05 3.13 2.00 ;4.79 5.00 4.85 4.36 3.57 2.52 1.29 -0.03 -1.35 -2.57 -3.61 -4.39 -4.87 -5.00 -4.77 -4.21 -3.36 -2.26 -1.01 0.32 1.62 2.81 3.80 4.52 4.93 4.98 4.68 4.05 3.13 2.00 ;4.79 5.00 4.85 4.36 3.57 2.52 1.29 -0.03 -1.35 -2.57 -3.61 -4.39 -4.87 -5.00 -4.77 -4.21 -3.36 -2.26 -1.01 0.32 1.62 2.81 3.80 4.52 4.93 4.98 4.68 4.05 3.13 2.00 ;4.79 5.00 4.85 4.36 3.57 2.52 1.29 -0.03 -1.35 -2.57 -3.61 -4.39 -4.87 -5.00 -4.77 -4.21 -3.36 -2.26 -1.01 0.32 1.62 2.81 3.80 4.52 4.93 4.98 4.68 4.05 3.13 2.00 ;4.79 5.00 4.85 4.36 3.57 2.52 1.29 -0.03 -1.35 -2.57 -3.61 -4.39 -4.87 -5.00 -4.77 -4.21 -3.36 -2.26 -1.01 0.32 1.62 2.81 3.80 4.52 4.93 4.98 4.68 4.05 3.13 2.00 ;4.79 5.00 4.85 4.36 3.57 2.52 1.29 -0.03 -1.35 -2.57 -3.61 -4.39 -4.87 -5.00 -4.77 -4.21 -3.36 -2.26 -1.01 0.32 1.62 2.81 3.80 4.52 4.93 4.98 4.68 4.05 3.13 2.00 ;4.79 5.00 4.85 4.36 3.57 2.52 1.29 -0.03 -1.35 -2.57 -3.61 -4.39 -4.87 -5.00 -4.77 -4.21 -3.36 -2.26 -1.01 0.32 1.62 2.81 3.80 4.52 4.93 4.98 4.68 4.05 3.13 2.00 ;4.79 5.00 4.85 4.36 3.57 2.52 1.29 -0.03 -1.35 -2.57 -3.61 -4.39 -4.87 -5.00 -4.77 -4.21 -3.36 -2.26 -1.01 0.32 1.62 2.81 3.80 4.52 4.93 4.98 4.68 4.05 3.13 2.00 ;4.79 5.00 4.85 4.36 3.57 2.52 1.29 -0.03 -1.35 -2.57 -3.61 -4.39 -4.87 -5.00 -4.77 -4.21 -3.36 -2.26 -1.01 0.32 1.62 2.81 3.80 4.52 4.93 4.98 4.68 4.05 3.13 2.00 ;4.79 5.00 4.85 4.36 3.57 2.52 1.29 -0.03 -1.35 -2.57 -3.61 -4.39 -4.87 -5.00 -4.77 -4.21 -3.36 -2.26 -1.01 0.32 1.62 2.81 3.80 4.52 4.93 4.98 4.68 4.05 3.13 2.00 ;4.79 5.00 4.85 4.36 3.57 2.52 1.29 -0.03 -1.35 -2.57 -3.61 -4.39 -4.87 -5.00 -4.77 -4.21 -3.36 -2.26 -1.01 0.32 1.62 2.81 3.80 4.52 4.93 4.98 4.68 4.05 3.13 2.00 ;4.79 5.00 4.85 4.36 3.57 2.52 1.29 -0.03 -1.35 -2.57 -3.61 -4.39 -4.87 -5.00 -4.77 -4.21 -3.36 -2.26 -1.01 0.32 1.62 2.81 3.80 4.52 4.93 4.98 4.68 4.05 3.13 2.00 ;4.79 5.00 4.85 4.36 3.57 2.52 1.29 -0.03 -1.35 -2.57 -3.61 -4.39 -4.87 -5.00 -4.77 -4.21 -3.36 -2.26 -1.01 0.32 1.62 2.81 3.80 4.52 4.93 4.98 4.68 4.05 3.13 2.00 ;4.79 5.00 4.85 4.36 3.57 2.52 1.29 -0.03 -1.35 -2.57 -3.61 -4.39 -4.87 -5.00 -4.77 -4.21 -3.36 -2.26 -1.01 0.32 1.62 2.81 3.80 4.52 4.93 4.98 4.68 4.05 3.13 2.00 ;4.79 5.00 4.85 4.36 3.57 2.52 1.29 -0.03 -1.35 -2.57 -3.61 -4.39 -4.87 -5.00 -4.77 -4.21 -3.36 -2.26 -1.01 0.32 1.62 2.81 3.80 4.52 4.93 4.98 4.68 4.05 3.13 2.00 ;4.79 5.00 4.85 4.36 3.57 2.52 1.29 -0.03 -1.35 -2.57 -3.61 -4.39 -4.87 -5.00 -4.77 -4.21 -3.36 -2.26 -1.01 0.32 1.62 2.81 3.80 4.52 4.93 4.98 4.68 4.05 3.13 2.00 ;4.79 5.00 4.85 4.36 3.57 2.52 1.29 -0.03 -1.35 -2.57 -3.61 -4.39 -4.87 -5.00 -4.77 -4.21 -3.36 -2.26 -1.01 0.32 1.62 2.81 3.80 4.52 4.93 4.98 4.68 4.05 3.13 2.00 ;4.79 5.00 4.85 4.36 3.57 2.52 1.29 -0.03 -1.35 -2.57 -3.61 -4.39 -4.87 -5.00 -4.77 -4.21 -3.36 -2.26 -1.01 0.32 1.62 2.81 3.80 4.52 4.93 4.98 4.68 4.05 3.13 2.00 ;4.79 5.00 4.85 4.36 3.57 2.52 1.29 -0.03 -1.35 -2.57 -3.61 -4.39 -4.87 -5.00 -4.77 -4.21 -3.36 -2.26 -1.01 0.32 1.62 2.81 3.80 4.52 4.93 4.98 4.68 4.05 3.13 2.00 ;4.79 5.00 4.85 4.36 3.57 2.52 1.29 -0.03 -1.35 -2.57 -3.61 -4.39 -4.87 -5.00 -4.77 -4.21 -3.36 -2.26 -1.01 0.32 1.62 2.81 3.80 4.52 4.93 4.98 4.68 4.05 3.13 2.00 ;4.79 5.00 4.85 4.36 3.57 2.52 1.29 -0.03 -1.35 -2.57 -3.61 -4.39 -4.87 -5.00 -4.77 -4.21 -3.36 -2.26 -1.01 0.32 1.62 2.81 3.80 4.52 4.93 4.98 4.68 4.05 3.13 2.00 ;4.79 5.00 4.85 4.36 3.57 2.52 1.29 -0.03 -1.35 -2.57 -3.61 -4.39 -4.87 -5.00 -4.77 -4.21 -3.36 -2.26 -1.01 0.32 1.62 2.81 3.80 4.52 4.93 4.98 4.68 4.05 3.13 2.00 ;4.79 5.00 4.85 4.36 3.57 2.52 1.29 -0.03 -1.35 -2.57 -3.61 -4.39 -4.87 -5.00 -4.77 -4.21 -3.36 -2.26 -1.01 0.32 1.62 2.81 3.80 4.52 4.93 4.98 4.68 4.05 3.13 2.00 ;4.79 5.00 4.85 4.36 3.57 2.52 1.29 -0.03 -1.35 -2.57 -3.61 -4.39 -4.87 -5.00 -4.77 -4.21 -3.36 -2.26 -1.01 0.32 1.62 2.81 3.80 4.52 4.93 4.98 4.68 4.05 3.13 2.00 ;4.79 5.00 4.85 4.36 3.57 2.52 1.29 -0.03 -1.35 -2.57 -3.61 -4.39 -4.87 -5.00 -4.77 -4.21 -3.36 -2.26 -1.01 0.32 1.62 2.81 3.80 4.52 4.93 4.98 4.68 4.05 3.13 2.00 ;4.79 5.00 4.85 4.36 3.57 2.52 1.29 -0.03 -1.35 -2.57 -3.61 -4.39 -4.87 -5.00 -4.77 -4.21 -3.36 -2.26 -1.01 0.32 1.62 2.81 3.80 4.52 4.93 4.98 4.68 4.05 3.13 2.00 ;4.79 5.00 4.85 4.36 3.57 2.52 1.29 -0.03 -1.35 -2.57 -3.61 -4.39 -4.87 -5.00 -4.77 -4.21 -3.36 -2.26 -1.01 0.32 1.62 2.81 3.80 4.52 4.93 4.98 4.68 4.05 3.13 2.00 ;4.79 5.00 4.85 4.36 3.57 2.52 1.29 -0.03 -1.35 -2.57 -3.61 -4.39 -4.87 -5.00 -4.77 -4.21 -3.36 -2.26 -1.01 0.32 1.62 2.81 3.80 4.52 4.93 4.98 4.68 4.05 3.13 2.00 ;4.79 5.00 4.85 4.36 3.57 2.52 1.29 -0.03 -1.35 -2.57 -3.61 -4.39 -4.87 -5.00 -4.77 -4.21 -3.36 -2.26 -1.01 0.32 1.62 2.81 3.80 4.52 4.93 4.98 4.68 4.05 3.13 2.00 ;];
