u36 = [4.68 4.98 4.93 4.52 3.80 2.81 1.62 0.32 -1.01 -2.26 -3.36 -4.21 -4.77 -5.00 -4.87 -4.39 -3.61 -2.57 -1.35 -0.03 1.29 2.52 3.57 4.36 4.85 5.00 4.79 4.24 3.40 2.31 ;4.68 4.98 4.93 4.52 3.80 2.81 1.62 0.32 -1.01 -2.26 -3.36 -4.21 -4.77 -5.00 -4.87 -4.39 -3.61 -2.57 -1.35 -0.03 1.29 2.52 3.57 4.36 4.85 5.00 4.79 4.24 3.40 2.31 ;4.68 4.98 4.93 4.52 3.80 2.81 1.62 0.32 -1.01 -2.26 -3.36 -4.21 -4.77 -5.00 -4.87 -4.39 -3.61 -2.57 -1.35 -0.03 1.29 2.52 3.57 4.36 4.85 5.00 4.79 4.24 3.40 2.31 ;4.68 4.98 4.93 4.52 3.80 2.81 1.62 0.32 -1.01 -2.26 -3.36 -4.21 -4.77 -5.00 -4.87 -4.39 -3.61 -2.57 -1.35 -0.03 1.29 2.52 3.57 4.36 4.85 5.00 4.79 4.24 3.40 2.31 ;4.68 4.98 4.93 4.52 3.80 2.81 1.62 0.32 -1.01 -2.26 -3.36 -4.21 -4.77 -5.00 -4.87 -4.39 -3.61 -2.57 -1.35 -0.03 1.29 2.52 3.57 4.36 4.85 5.00 4.79 4.24 3.40 2.31 ;4.68 4.98 4.93 4.52 3.80 2.81 1.62 0.32 -1.01 -2.26 -3.36 -4.21 -4.77 -5.00 -4.87 -4.39 -3.61 -2.57 -1.35 -0.03 1.29 2.52 3.57 4.36 4.85 5.00 4.79 4.24 3.40 2.31 ;4.68 4.98 4.93 4.52 3.80 2.81 1.62 0.32 -1.01 -2.26 -3.36 -4.21 -4.77 -5.00 -4.87 -4.39 -3.61 -2.57 -1.35 -0.03 1.29 2.52 3.57 4.36 4.85 5.00 4.79 4.24 3.40 2.31 ;4.68 4.98 4.93 4.52 3.80 2.81 1.62 0.32 -1.01 -2.26 -3.36 -4.21 -4.77 -5.00 -4.87 -4.39 -3.61 -2.57 -1.35 -0.03 1.29 2.52 3.57 4.36 4.85 5.00 4.79 4.24 3.40 2.31 ;4.68 4.98 4.93 4.52 3.80 2.81 1.62 0.32 -1.01 -2.26 -3.36 -4.21 -4.77 -5.00 -4.87 -4.39 -3.61 -2.57 -1.35 -0.03 1.29 2.52 3.57 4.36 4.85 5.00 4.79 4.24 3.40 2.31 ;4.68 4.98 4.93 4.52 3.80 2.81 1.62 0.32 -1.01 -2.26 -3.36 -4.21 -4.77 -5.00 -4.87 -4.39 -3.61 -2.57 -1.35 -0.03 1.29 2.52 3.57 4.36 4.85 5.00 4.79 4.24 3.40 2.31 ;4.68 4.98 4.93 4.52 3.80 2.81 1.62 0.32 -1.01 -2.26 -3.36 -4.21 -4.77 -5.00 -4.87 -4.39 -3.61 -2.57 -1.35 -0.03 1.29 2.52 3.57 4.36 4.85 5.00 4.79 4.24 3.40 2.31 ;4.68 4.98 4.93 4.52 3.80 2.81 1.62 0.32 -1.01 -2.26 -3.36 -4.21 -4.77 -5.00 -4.87 -4.39 -3.61 -2.57 -1.35 -0.03 1.29 2.52 3.57 4.36 4.85 5.00 4.79 4.24 3.40 2.31 ;4.68 4.98 4.93 4.52 3.80 2.81 1.62 0.32 -1.01 -2.26 -3.36 -4.21 -4.77 -5.00 -4.87 -4.39 -3.61 -2.57 -1.35 -0.03 1.29 2.52 3.57 4.36 4.85 5.00 4.79 4.24 3.40 2.31 ;4.68 4.98 4.93 4.52 3.80 2.81 1.62 0.32 -1.01 -2.26 -3.36 -4.21 -4.77 -5.00 -4.87 -4.39 -3.61 -2.57 -1.35 -0.03 1.29 2.52 3.57 4.36 4.85 5.00 4.79 4.24 3.40 2.31 ;4.68 4.98 4.93 4.52 3.80 2.81 1.62 0.32 -1.01 -2.26 -3.36 -4.21 -4.77 -5.00 -4.87 -4.39 -3.61 -2.57 -1.35 -0.03 1.29 2.52 3.57 4.36 4.85 5.00 4.79 4.24 3.40 2.31 ;4.68 4.98 4.93 4.52 3.80 2.81 1.62 0.32 -1.01 -2.26 -3.36 -4.21 -4.77 -5.00 -4.87 -4.39 -3.61 -2.57 -1.35 -0.03 1.29 2.52 3.57 4.36 4.85 5.00 4.79 4.24 3.40 2.31 ;4.68 4.98 4.93 4.52 3.80 2.81 1.62 0.32 -1.01 -2.26 -3.36 -4.21 -4.77 -5.00 -4.87 -4.39 -3.61 -2.57 -1.35 -0.03 1.29 2.52 3.57 4.36 4.85 5.00 4.79 4.24 3.40 2.31 ;4.68 4.98 4.93 4.52 3.80 2.81 1.62 0.32 -1.01 -2.26 -3.36 -4.21 -4.77 -5.00 -4.87 -4.39 -3.61 -2.57 -1.35 -0.03 1.29 2.52 3.57 4.36 4.85 5.00 4.79 4.24 3.40 2.31 ;4.68 4.98 4.93 4.52 3.80 2.81 1.62 0.32 -1.01 -2.26 -3.36 -4.21 -4.77 -5.00 -4.87 -4.39 -3.61 -2.57 -1.35 -0.03 1.29 2.52 3.57 4.36 4.85 5.00 4.79 4.24 3.40 2.31 ;4.68 4.98 4.93 4.52 3.80 2.81 1.62 0.32 -1.01 -2.26 -3.36 -4.21 -4.77 -5.00 -4.87 -4.39 -3.61 -2.57 -1.35 -0.03 1.29 2.52 3.57 4.36 4.85 5.00 4.79 4.24 3.40 2.31 ;4.68 4.98 4.93 4.52 3.80 2.81 1.62 0.32 -1.01 -2.26 -3.36 -4.21 -4.77 -5.00 -4.87 -4.39 -3.61 -2.57 -1.35 -0.03 1.29 2.52 3.57 4.36 4.85 5.00 4.79 4.24 3.40 2.31 ;4.68 4.98 4.93 4.52 3.80 2.81 1.62 0.32 -1.01 -2.26 -3.36 -4.21 -4.77 -5.00 -4.87 -4.39 -3.61 -2.57 -1.35 -0.03 1.29 2.52 3.57 4.36 4.85 5.00 4.79 4.24 3.40 2.31 ;4.68 4.98 4.93 4.52 3.80 2.81 1.62 0.32 -1.01 -2.26 -3.36 -4.21 -4.77 -5.00 -4.87 -4.39 -3.61 -2.57 -1.35 -0.03 1.29 2.52 3.57 4.36 4.85 5.00 4.79 4.24 3.40 2.31 ;4.68 4.98 4.93 4.52 3.80 2.81 1.62 0.32 -1.01 -2.26 -3.36 -4.21 -4.77 -5.00 -4.87 -4.39 -3.61 -2.57 -1.35 -0.03 1.29 2.52 3.57 4.36 4.85 5.00 4.79 4.24 3.40 2.31 ;4.68 4.98 4.93 4.52 3.80 2.81 1.62 0.32 -1.01 -2.26 -3.36 -4.21 -4.77 -5.00 -4.87 -4.39 -3.61 -2.57 -1.35 -0.03 1.29 2.52 3.57 4.36 4.85 5.00 4.79 4.24 3.40 2.31 ;4.68 4.98 4.93 4.52 3.80 2.81 1.62 0.32 -1.01 -2.26 -3.36 -4.21 -4.77 -5.00 -4.87 -4.39 -3.61 -2.57 -1.35 -0.03 1.29 2.52 3.57 4.36 4.85 5.00 4.79 4.24 3.40 2.31 ;4.68 4.98 4.93 4.52 3.80 2.81 1.62 0.32 -1.01 -2.26 -3.36 -4.21 -4.77 -5.00 -4.87 -4.39 -3.61 -2.57 -1.35 -0.03 1.29 2.52 3.57 4.36 4.85 5.00 4.79 4.24 3.40 2.31 ;4.68 4.98 4.93 4.52 3.80 2.81 1.62 0.32 -1.01 -2.26 -3.36 -4.21 -4.77 -5.00 -4.87 -4.39 -3.61 -2.57 -1.35 -0.03 1.29 2.52 3.57 4.36 4.85 5.00 4.79 4.24 3.40 2.31 ;4.68 4.98 4.93 4.52 3.80 2.81 1.62 0.32 -1.01 -2.26 -3.36 -4.21 -4.77 -5.00 -4.87 -4.39 -3.61 -2.57 -1.35 -0.03 1.29 2.52 3.57 4.36 4.85 5.00 4.79 4.24 3.40 2.31 ;4.68 4.98 4.93 4.52 3.80 2.81 1.62 0.32 -1.01 -2.26 -3.36 -4.21 -4.77 -5.00 -4.87 -4.39 -3.61 -2.57 -1.35 -0.03 1.29 2.52 3.57 4.36 4.85 5.00 4.79 4.24 3.40 2.31 ;];
