u16 = [4.94 4.97 4.66 4.01 3.08 1.94 0.65 -0.68 -1.96 -3.10 -4.03 -4.66 -4.97 -4.93 -4.54 -3.83 -2.85 -1.66 -0.36 0.97 2.22 3.33 4.19 4.76 5.00 4.88 4.41 3.64 2.60 1.38 ;4.94 4.97 4.66 4.01 3.08 1.94 0.65 -0.68 -1.96 -3.10 -4.03 -4.66 -4.97 -4.93 -4.54 -3.83 -2.85 -1.66 -0.36 0.97 2.22 3.33 4.19 4.76 5.00 4.88 4.41 3.64 2.60 1.38 ;4.94 4.97 4.66 4.01 3.08 1.94 0.65 -0.68 -1.96 -3.10 -4.03 -4.66 -4.97 -4.93 -4.54 -3.83 -2.85 -1.66 -0.36 0.97 2.22 3.33 4.19 4.76 5.00 4.88 4.41 3.64 2.60 1.38 ;4.94 4.97 4.66 4.01 3.08 1.94 0.65 -0.68 -1.96 -3.10 -4.03 -4.66 -4.97 -4.93 -4.54 -3.83 -2.85 -1.66 -0.36 0.97 2.22 3.33 4.19 4.76 5.00 4.88 4.41 3.64 2.60 1.38 ;4.94 4.97 4.66 4.01 3.08 1.94 0.65 -0.68 -1.96 -3.10 -4.03 -4.66 -4.97 -4.93 -4.54 -3.83 -2.85 -1.66 -0.36 0.97 2.22 3.33 4.19 4.76 5.00 4.88 4.41 3.64 2.60 1.38 ;4.94 4.97 4.66 4.01 3.08 1.94 0.65 -0.68 -1.96 -3.10 -4.03 -4.66 -4.97 -4.93 -4.54 -3.83 -2.85 -1.66 -0.36 0.97 2.22 3.33 4.19 4.76 5.00 4.88 4.41 3.64 2.60 1.38 ;4.94 4.97 4.66 4.01 3.08 1.94 0.65 -0.68 -1.96 -3.10 -4.03 -4.66 -4.97 -4.93 -4.54 -3.83 -2.85 -1.66 -0.36 0.97 2.22 3.33 4.19 4.76 5.00 4.88 4.41 3.64 2.60 1.38 ;4.94 4.97 4.66 4.01 3.08 1.94 0.65 -0.68 -1.96 -3.10 -4.03 -4.66 -4.97 -4.93 -4.54 -3.83 -2.85 -1.66 -0.36 0.97 2.22 3.33 4.19 4.76 5.00 4.88 4.41 3.64 2.60 1.38 ;4.94 4.97 4.66 4.01 3.08 1.94 0.65 -0.68 -1.96 -3.10 -4.03 -4.66 -4.97 -4.93 -4.54 -3.83 -2.85 -1.66 -0.36 0.97 2.22 3.33 4.19 4.76 5.00 4.88 4.41 3.64 2.60 1.38 ;4.94 4.97 4.66 4.01 3.08 1.94 0.65 -0.68 -1.96 -3.10 -4.03 -4.66 -4.97 -4.93 -4.54 -3.83 -2.85 -1.66 -0.36 0.97 2.22 3.33 4.19 4.76 5.00 4.88 4.41 3.64 2.60 1.38 ;4.94 4.97 4.66 4.01 3.08 1.94 0.65 -0.68 -1.96 -3.10 -4.03 -4.66 -4.97 -4.93 -4.54 -3.83 -2.85 -1.66 -0.36 0.97 2.22 3.33 4.19 4.76 5.00 4.88 4.41 3.64 2.60 1.38 ;4.94 4.97 4.66 4.01 3.08 1.94 0.65 -0.68 -1.96 -3.10 -4.03 -4.66 -4.97 -4.93 -4.54 -3.83 -2.85 -1.66 -0.36 0.97 2.22 3.33 4.19 4.76 5.00 4.88 4.41 3.64 2.60 1.38 ;4.94 4.97 4.66 4.01 3.08 1.94 0.65 -0.68 -1.96 -3.10 -4.03 -4.66 -4.97 -4.93 -4.54 -3.83 -2.85 -1.66 -0.36 0.97 2.22 3.33 4.19 4.76 5.00 4.88 4.41 3.64 2.60 1.38 ;4.94 4.97 4.66 4.01 3.08 1.94 0.65 -0.68 -1.96 -3.10 -4.03 -4.66 -4.97 -4.93 -4.54 -3.83 -2.85 -1.66 -0.36 0.97 2.22 3.33 4.19 4.76 5.00 4.88 4.41 3.64 2.60 1.38 ;4.94 4.97 4.66 4.01 3.08 1.94 0.65 -0.68 -1.96 -3.10 -4.03 -4.66 -4.97 -4.93 -4.54 -3.83 -2.85 -1.66 -0.36 0.97 2.22 3.33 4.19 4.76 5.00 4.88 4.41 3.64 2.60 1.38 ;4.94 4.97 4.66 4.01 3.08 1.94 0.65 -0.68 -1.96 -3.10 -4.03 -4.66 -4.97 -4.93 -4.54 -3.83 -2.85 -1.66 -0.36 0.97 2.22 3.33 4.19 4.76 5.00 4.88 4.41 3.64 2.60 1.38 ;4.94 4.97 4.66 4.01 3.08 1.94 0.65 -0.68 -1.96 -3.10 -4.03 -4.66 -4.97 -4.93 -4.54 -3.83 -2.85 -1.66 -0.36 0.97 2.22 3.33 4.19 4.76 5.00 4.88 4.41 3.64 2.60 1.38 ;4.94 4.97 4.66 4.01 3.08 1.94 0.65 -0.68 -1.96 -3.10 -4.03 -4.66 -4.97 -4.93 -4.54 -3.83 -2.85 -1.66 -0.36 0.97 2.22 3.33 4.19 4.76 5.00 4.88 4.41 3.64 2.60 1.38 ;4.94 4.97 4.66 4.01 3.08 1.94 0.65 -0.68 -1.96 -3.10 -4.03 -4.66 -4.97 -4.93 -4.54 -3.83 -2.85 -1.66 -0.36 0.97 2.22 3.33 4.19 4.76 5.00 4.88 4.41 3.64 2.60 1.38 ;4.94 4.97 4.66 4.01 3.08 1.94 0.65 -0.68 -1.96 -3.10 -4.03 -4.66 -4.97 -4.93 -4.54 -3.83 -2.85 -1.66 -0.36 0.97 2.22 3.33 4.19 4.76 5.00 4.88 4.41 3.64 2.60 1.38 ;4.94 4.97 4.66 4.01 3.08 1.94 0.65 -0.68 -1.96 -3.10 -4.03 -4.66 -4.97 -4.93 -4.54 -3.83 -2.85 -1.66 -0.36 0.97 2.22 3.33 4.19 4.76 5.00 4.88 4.41 3.64 2.60 1.38 ;4.94 4.97 4.66 4.01 3.08 1.94 0.65 -0.68 -1.96 -3.10 -4.03 -4.66 -4.97 -4.93 -4.54 -3.83 -2.85 -1.66 -0.36 0.97 2.22 3.33 4.19 4.76 5.00 4.88 4.41 3.64 2.60 1.38 ;4.94 4.97 4.66 4.01 3.08 1.94 0.65 -0.68 -1.96 -3.10 -4.03 -4.66 -4.97 -4.93 -4.54 -3.83 -2.85 -1.66 -0.36 0.97 2.22 3.33 4.19 4.76 5.00 4.88 4.41 3.64 2.60 1.38 ;4.94 4.97 4.66 4.01 3.08 1.94 0.65 -0.68 -1.96 -3.10 -4.03 -4.66 -4.97 -4.93 -4.54 -3.83 -2.85 -1.66 -0.36 0.97 2.22 3.33 4.19 4.76 5.00 4.88 4.41 3.64 2.60 1.38 ;4.94 4.97 4.66 4.01 3.08 1.94 0.65 -0.68 -1.96 -3.10 -4.03 -4.66 -4.97 -4.93 -4.54 -3.83 -2.85 -1.66 -0.36 0.97 2.22 3.33 4.19 4.76 5.00 4.88 4.41 3.64 2.60 1.38 ;4.94 4.97 4.66 4.01 3.08 1.94 0.65 -0.68 -1.96 -3.10 -4.03 -4.66 -4.97 -4.93 -4.54 -3.83 -2.85 -1.66 -0.36 0.97 2.22 3.33 4.19 4.76 5.00 4.88 4.41 3.64 2.60 1.38 ;4.94 4.97 4.66 4.01 3.08 1.94 0.65 -0.68 -1.96 -3.10 -4.03 -4.66 -4.97 -4.93 -4.54 -3.83 -2.85 -1.66 -0.36 0.97 2.22 3.33 4.19 4.76 5.00 4.88 4.41 3.64 2.60 1.38 ;4.94 4.97 4.66 4.01 3.08 1.94 0.65 -0.68 -1.96 -3.10 -4.03 -4.66 -4.97 -4.93 -4.54 -3.83 -2.85 -1.66 -0.36 0.97 2.22 3.33 4.19 4.76 5.00 4.88 4.41 3.64 2.60 1.38 ;4.94 4.97 4.66 4.01 3.08 1.94 0.65 -0.68 -1.96 -3.10 -4.03 -4.66 -4.97 -4.93 -4.54 -3.83 -2.85 -1.66 -0.36 0.97 2.22 3.33 4.19 4.76 5.00 4.88 4.41 3.64 2.60 1.38 ;4.94 4.97 4.66 4.01 3.08 1.94 0.65 -0.68 -1.96 -3.10 -4.03 -4.66 -4.97 -4.93 -4.54 -3.83 -2.85 -1.66 -0.36 0.97 2.22 3.33 4.19 4.76 5.00 4.88 4.41 3.64 2.60 1.38 ;];
