u74 = [3.69 4.45 4.89 4.99 4.74 4.15 3.26 2.15 0.88 -0.45 -1.74 -2.92 -3.88 -4.58 -4.95 -4.96 -4.63 -3.98 -3.04 -1.88 -0.59 0.74 2.01 3.15 4.06 4.69 4.98 4.92 4.52 3.79 ;3.69 4.45 4.89 4.99 4.74 4.15 3.26 2.15 0.88 -0.45 -1.74 -2.92 -3.88 -4.58 -4.95 -4.96 -4.63 -3.98 -3.04 -1.88 -0.59 0.74 2.01 3.15 4.06 4.69 4.98 4.92 4.52 3.79 ;3.69 4.45 4.89 4.99 4.74 4.15 3.26 2.15 0.88 -0.45 -1.74 -2.92 -3.88 -4.58 -4.95 -4.96 -4.63 -3.98 -3.04 -1.88 -0.59 0.74 2.01 3.15 4.06 4.69 4.98 4.92 4.52 3.79 ;3.69 4.45 4.89 4.99 4.74 4.15 3.26 2.15 0.88 -0.45 -1.74 -2.92 -3.88 -4.58 -4.95 -4.96 -4.63 -3.98 -3.04 -1.88 -0.59 0.74 2.01 3.15 4.06 4.69 4.98 4.92 4.52 3.79 ;3.69 4.45 4.89 4.99 4.74 4.15 3.26 2.15 0.88 -0.45 -1.74 -2.92 -3.88 -4.58 -4.95 -4.96 -4.63 -3.98 -3.04 -1.88 -0.59 0.74 2.01 3.15 4.06 4.69 4.98 4.92 4.52 3.79 ;3.69 4.45 4.89 4.99 4.74 4.15 3.26 2.15 0.88 -0.45 -1.74 -2.92 -3.88 -4.58 -4.95 -4.96 -4.63 -3.98 -3.04 -1.88 -0.59 0.74 2.01 3.15 4.06 4.69 4.98 4.92 4.52 3.79 ;3.69 4.45 4.89 4.99 4.74 4.15 3.26 2.15 0.88 -0.45 -1.74 -2.92 -3.88 -4.58 -4.95 -4.96 -4.63 -3.98 -3.04 -1.88 -0.59 0.74 2.01 3.15 4.06 4.69 4.98 4.92 4.52 3.79 ;3.69 4.45 4.89 4.99 4.74 4.15 3.26 2.15 0.88 -0.45 -1.74 -2.92 -3.88 -4.58 -4.95 -4.96 -4.63 -3.98 -3.04 -1.88 -0.59 0.74 2.01 3.15 4.06 4.69 4.98 4.92 4.52 3.79 ;3.69 4.45 4.89 4.99 4.74 4.15 3.26 2.15 0.88 -0.45 -1.74 -2.92 -3.88 -4.58 -4.95 -4.96 -4.63 -3.98 -3.04 -1.88 -0.59 0.74 2.01 3.15 4.06 4.69 4.98 4.92 4.52 3.79 ;3.69 4.45 4.89 4.99 4.74 4.15 3.26 2.15 0.88 -0.45 -1.74 -2.92 -3.88 -4.58 -4.95 -4.96 -4.63 -3.98 -3.04 -1.88 -0.59 0.74 2.01 3.15 4.06 4.69 4.98 4.92 4.52 3.79 ;3.69 4.45 4.89 4.99 4.74 4.15 3.26 2.15 0.88 -0.45 -1.74 -2.92 -3.88 -4.58 -4.95 -4.96 -4.63 -3.98 -3.04 -1.88 -0.59 0.74 2.01 3.15 4.06 4.69 4.98 4.92 4.52 3.79 ;3.69 4.45 4.89 4.99 4.74 4.15 3.26 2.15 0.88 -0.45 -1.74 -2.92 -3.88 -4.58 -4.95 -4.96 -4.63 -3.98 -3.04 -1.88 -0.59 0.74 2.01 3.15 4.06 4.69 4.98 4.92 4.52 3.79 ;3.69 4.45 4.89 4.99 4.74 4.15 3.26 2.15 0.88 -0.45 -1.74 -2.92 -3.88 -4.58 -4.95 -4.96 -4.63 -3.98 -3.04 -1.88 -0.59 0.74 2.01 3.15 4.06 4.69 4.98 4.92 4.52 3.79 ;3.69 4.45 4.89 4.99 4.74 4.15 3.26 2.15 0.88 -0.45 -1.74 -2.92 -3.88 -4.58 -4.95 -4.96 -4.63 -3.98 -3.04 -1.88 -0.59 0.74 2.01 3.15 4.06 4.69 4.98 4.92 4.52 3.79 ;3.69 4.45 4.89 4.99 4.74 4.15 3.26 2.15 0.88 -0.45 -1.74 -2.92 -3.88 -4.58 -4.95 -4.96 -4.63 -3.98 -3.04 -1.88 -0.59 0.74 2.01 3.15 4.06 4.69 4.98 4.92 4.52 3.79 ;3.69 4.45 4.89 4.99 4.74 4.15 3.26 2.15 0.88 -0.45 -1.74 -2.92 -3.88 -4.58 -4.95 -4.96 -4.63 -3.98 -3.04 -1.88 -0.59 0.74 2.01 3.15 4.06 4.69 4.98 4.92 4.52 3.79 ;3.69 4.45 4.89 4.99 4.74 4.15 3.26 2.15 0.88 -0.45 -1.74 -2.92 -3.88 -4.58 -4.95 -4.96 -4.63 -3.98 -3.04 -1.88 -0.59 0.74 2.01 3.15 4.06 4.69 4.98 4.92 4.52 3.79 ;3.69 4.45 4.89 4.99 4.74 4.15 3.26 2.15 0.88 -0.45 -1.74 -2.92 -3.88 -4.58 -4.95 -4.96 -4.63 -3.98 -3.04 -1.88 -0.59 0.74 2.01 3.15 4.06 4.69 4.98 4.92 4.52 3.79 ;3.69 4.45 4.89 4.99 4.74 4.15 3.26 2.15 0.88 -0.45 -1.74 -2.92 -3.88 -4.58 -4.95 -4.96 -4.63 -3.98 -3.04 -1.88 -0.59 0.74 2.01 3.15 4.06 4.69 4.98 4.92 4.52 3.79 ;3.69 4.45 4.89 4.99 4.74 4.15 3.26 2.15 0.88 -0.45 -1.74 -2.92 -3.88 -4.58 -4.95 -4.96 -4.63 -3.98 -3.04 -1.88 -0.59 0.74 2.01 3.15 4.06 4.69 4.98 4.92 4.52 3.79 ;3.69 4.45 4.89 4.99 4.74 4.15 3.26 2.15 0.88 -0.45 -1.74 -2.92 -3.88 -4.58 -4.95 -4.96 -4.63 -3.98 -3.04 -1.88 -0.59 0.74 2.01 3.15 4.06 4.69 4.98 4.92 4.52 3.79 ;3.69 4.45 4.89 4.99 4.74 4.15 3.26 2.15 0.88 -0.45 -1.74 -2.92 -3.88 -4.58 -4.95 -4.96 -4.63 -3.98 -3.04 -1.88 -0.59 0.74 2.01 3.15 4.06 4.69 4.98 4.92 4.52 3.79 ;3.69 4.45 4.89 4.99 4.74 4.15 3.26 2.15 0.88 -0.45 -1.74 -2.92 -3.88 -4.58 -4.95 -4.96 -4.63 -3.98 -3.04 -1.88 -0.59 0.74 2.01 3.15 4.06 4.69 4.98 4.92 4.52 3.79 ;3.69 4.45 4.89 4.99 4.74 4.15 3.26 2.15 0.88 -0.45 -1.74 -2.92 -3.88 -4.58 -4.95 -4.96 -4.63 -3.98 -3.04 -1.88 -0.59 0.74 2.01 3.15 4.06 4.69 4.98 4.92 4.52 3.79 ;3.69 4.45 4.89 4.99 4.74 4.15 3.26 2.15 0.88 -0.45 -1.74 -2.92 -3.88 -4.58 -4.95 -4.96 -4.63 -3.98 -3.04 -1.88 -0.59 0.74 2.01 3.15 4.06 4.69 4.98 4.92 4.52 3.79 ;3.69 4.45 4.89 4.99 4.74 4.15 3.26 2.15 0.88 -0.45 -1.74 -2.92 -3.88 -4.58 -4.95 -4.96 -4.63 -3.98 -3.04 -1.88 -0.59 0.74 2.01 3.15 4.06 4.69 4.98 4.92 4.52 3.79 ;3.69 4.45 4.89 4.99 4.74 4.15 3.26 2.15 0.88 -0.45 -1.74 -2.92 -3.88 -4.58 -4.95 -4.96 -4.63 -3.98 -3.04 -1.88 -0.59 0.74 2.01 3.15 4.06 4.69 4.98 4.92 4.52 3.79 ;3.69 4.45 4.89 4.99 4.74 4.15 3.26 2.15 0.88 -0.45 -1.74 -2.92 -3.88 -4.58 -4.95 -4.96 -4.63 -3.98 -3.04 -1.88 -0.59 0.74 2.01 3.15 4.06 4.69 4.98 4.92 4.52 3.79 ;3.69 4.45 4.89 4.99 4.74 4.15 3.26 2.15 0.88 -0.45 -1.74 -2.92 -3.88 -4.58 -4.95 -4.96 -4.63 -3.98 -3.04 -1.88 -0.59 0.74 2.01 3.15 4.06 4.69 4.98 4.92 4.52 3.79 ;3.69 4.45 4.89 4.99 4.74 4.15 3.26 2.15 0.88 -0.45 -1.74 -2.92 -3.88 -4.58 -4.95 -4.96 -4.63 -3.98 -3.04 -1.88 -0.59 0.74 2.01 3.15 4.06 4.69 4.98 4.92 4.52 3.79 ;];
