u49 = [4.41 4.88 5.00 4.76 4.19 3.32 2.22 0.96 -0.36 -1.66 -2.85 -3.83 -4.54 -4.93 -4.97 -4.66 -4.03 -3.10 -1.96 -0.68 0.65 1.94 3.08 4.01 4.66 4.97 4.94 4.55 3.85 2.87 ;4.41 4.88 5.00 4.76 4.19 3.32 2.22 0.96 -0.36 -1.66 -2.85 -3.83 -4.54 -4.93 -4.97 -4.66 -4.03 -3.10 -1.96 -0.68 0.65 1.94 3.08 4.01 4.66 4.97 4.94 4.55 3.85 2.87 ;4.41 4.88 5.00 4.76 4.19 3.32 2.22 0.96 -0.36 -1.66 -2.85 -3.83 -4.54 -4.93 -4.97 -4.66 -4.03 -3.10 -1.96 -0.68 0.65 1.94 3.08 4.01 4.66 4.97 4.94 4.55 3.85 2.87 ;4.41 4.88 5.00 4.76 4.19 3.32 2.22 0.96 -0.36 -1.66 -2.85 -3.83 -4.54 -4.93 -4.97 -4.66 -4.03 -3.10 -1.96 -0.68 0.65 1.94 3.08 4.01 4.66 4.97 4.94 4.55 3.85 2.87 ;4.41 4.88 5.00 4.76 4.19 3.32 2.22 0.96 -0.36 -1.66 -2.85 -3.83 -4.54 -4.93 -4.97 -4.66 -4.03 -3.10 -1.96 -0.68 0.65 1.94 3.08 4.01 4.66 4.97 4.94 4.55 3.85 2.87 ;4.41 4.88 5.00 4.76 4.19 3.32 2.22 0.96 -0.36 -1.66 -2.85 -3.83 -4.54 -4.93 -4.97 -4.66 -4.03 -3.10 -1.96 -0.68 0.65 1.94 3.08 4.01 4.66 4.97 4.94 4.55 3.85 2.87 ;4.41 4.88 5.00 4.76 4.19 3.32 2.22 0.96 -0.36 -1.66 -2.85 -3.83 -4.54 -4.93 -4.97 -4.66 -4.03 -3.10 -1.96 -0.68 0.65 1.94 3.08 4.01 4.66 4.97 4.94 4.55 3.85 2.87 ;4.41 4.88 5.00 4.76 4.19 3.32 2.22 0.96 -0.36 -1.66 -2.85 -3.83 -4.54 -4.93 -4.97 -4.66 -4.03 -3.10 -1.96 -0.68 0.65 1.94 3.08 4.01 4.66 4.97 4.94 4.55 3.85 2.87 ;4.41 4.88 5.00 4.76 4.19 3.32 2.22 0.96 -0.36 -1.66 -2.85 -3.83 -4.54 -4.93 -4.97 -4.66 -4.03 -3.10 -1.96 -0.68 0.65 1.94 3.08 4.01 4.66 4.97 4.94 4.55 3.85 2.87 ;4.41 4.88 5.00 4.76 4.19 3.32 2.22 0.96 -0.36 -1.66 -2.85 -3.83 -4.54 -4.93 -4.97 -4.66 -4.03 -3.10 -1.96 -0.68 0.65 1.94 3.08 4.01 4.66 4.97 4.94 4.55 3.85 2.87 ;4.41 4.88 5.00 4.76 4.19 3.32 2.22 0.96 -0.36 -1.66 -2.85 -3.83 -4.54 -4.93 -4.97 -4.66 -4.03 -3.10 -1.96 -0.68 0.65 1.94 3.08 4.01 4.66 4.97 4.94 4.55 3.85 2.87 ;4.41 4.88 5.00 4.76 4.19 3.32 2.22 0.96 -0.36 -1.66 -2.85 -3.83 -4.54 -4.93 -4.97 -4.66 -4.03 -3.10 -1.96 -0.68 0.65 1.94 3.08 4.01 4.66 4.97 4.94 4.55 3.85 2.87 ;4.41 4.88 5.00 4.76 4.19 3.32 2.22 0.96 -0.36 -1.66 -2.85 -3.83 -4.54 -4.93 -4.97 -4.66 -4.03 -3.10 -1.96 -0.68 0.65 1.94 3.08 4.01 4.66 4.97 4.94 4.55 3.85 2.87 ;4.41 4.88 5.00 4.76 4.19 3.32 2.22 0.96 -0.36 -1.66 -2.85 -3.83 -4.54 -4.93 -4.97 -4.66 -4.03 -3.10 -1.96 -0.68 0.65 1.94 3.08 4.01 4.66 4.97 4.94 4.55 3.85 2.87 ;4.41 4.88 5.00 4.76 4.19 3.32 2.22 0.96 -0.36 -1.66 -2.85 -3.83 -4.54 -4.93 -4.97 -4.66 -4.03 -3.10 -1.96 -0.68 0.65 1.94 3.08 4.01 4.66 4.97 4.94 4.55 3.85 2.87 ;4.41 4.88 5.00 4.76 4.19 3.32 2.22 0.96 -0.36 -1.66 -2.85 -3.83 -4.54 -4.93 -4.97 -4.66 -4.03 -3.10 -1.96 -0.68 0.65 1.94 3.08 4.01 4.66 4.97 4.94 4.55 3.85 2.87 ;4.41 4.88 5.00 4.76 4.19 3.32 2.22 0.96 -0.36 -1.66 -2.85 -3.83 -4.54 -4.93 -4.97 -4.66 -4.03 -3.10 -1.96 -0.68 0.65 1.94 3.08 4.01 4.66 4.97 4.94 4.55 3.85 2.87 ;4.41 4.88 5.00 4.76 4.19 3.32 2.22 0.96 -0.36 -1.66 -2.85 -3.83 -4.54 -4.93 -4.97 -4.66 -4.03 -3.10 -1.96 -0.68 0.65 1.94 3.08 4.01 4.66 4.97 4.94 4.55 3.85 2.87 ;4.41 4.88 5.00 4.76 4.19 3.32 2.22 0.96 -0.36 -1.66 -2.85 -3.83 -4.54 -4.93 -4.97 -4.66 -4.03 -3.10 -1.96 -0.68 0.65 1.94 3.08 4.01 4.66 4.97 4.94 4.55 3.85 2.87 ;4.41 4.88 5.00 4.76 4.19 3.32 2.22 0.96 -0.36 -1.66 -2.85 -3.83 -4.54 -4.93 -4.97 -4.66 -4.03 -3.10 -1.96 -0.68 0.65 1.94 3.08 4.01 4.66 4.97 4.94 4.55 3.85 2.87 ;4.41 4.88 5.00 4.76 4.19 3.32 2.22 0.96 -0.36 -1.66 -2.85 -3.83 -4.54 -4.93 -4.97 -4.66 -4.03 -3.10 -1.96 -0.68 0.65 1.94 3.08 4.01 4.66 4.97 4.94 4.55 3.85 2.87 ;4.41 4.88 5.00 4.76 4.19 3.32 2.22 0.96 -0.36 -1.66 -2.85 -3.83 -4.54 -4.93 -4.97 -4.66 -4.03 -3.10 -1.96 -0.68 0.65 1.94 3.08 4.01 4.66 4.97 4.94 4.55 3.85 2.87 ;4.41 4.88 5.00 4.76 4.19 3.32 2.22 0.96 -0.36 -1.66 -2.85 -3.83 -4.54 -4.93 -4.97 -4.66 -4.03 -3.10 -1.96 -0.68 0.65 1.94 3.08 4.01 4.66 4.97 4.94 4.55 3.85 2.87 ;4.41 4.88 5.00 4.76 4.19 3.32 2.22 0.96 -0.36 -1.66 -2.85 -3.83 -4.54 -4.93 -4.97 -4.66 -4.03 -3.10 -1.96 -0.68 0.65 1.94 3.08 4.01 4.66 4.97 4.94 4.55 3.85 2.87 ;4.41 4.88 5.00 4.76 4.19 3.32 2.22 0.96 -0.36 -1.66 -2.85 -3.83 -4.54 -4.93 -4.97 -4.66 -4.03 -3.10 -1.96 -0.68 0.65 1.94 3.08 4.01 4.66 4.97 4.94 4.55 3.85 2.87 ;4.41 4.88 5.00 4.76 4.19 3.32 2.22 0.96 -0.36 -1.66 -2.85 -3.83 -4.54 -4.93 -4.97 -4.66 -4.03 -3.10 -1.96 -0.68 0.65 1.94 3.08 4.01 4.66 4.97 4.94 4.55 3.85 2.87 ;4.41 4.88 5.00 4.76 4.19 3.32 2.22 0.96 -0.36 -1.66 -2.85 -3.83 -4.54 -4.93 -4.97 -4.66 -4.03 -3.10 -1.96 -0.68 0.65 1.94 3.08 4.01 4.66 4.97 4.94 4.55 3.85 2.87 ;4.41 4.88 5.00 4.76 4.19 3.32 2.22 0.96 -0.36 -1.66 -2.85 -3.83 -4.54 -4.93 -4.97 -4.66 -4.03 -3.10 -1.96 -0.68 0.65 1.94 3.08 4.01 4.66 4.97 4.94 4.55 3.85 2.87 ;4.41 4.88 5.00 4.76 4.19 3.32 2.22 0.96 -0.36 -1.66 -2.85 -3.83 -4.54 -4.93 -4.97 -4.66 -4.03 -3.10 -1.96 -0.68 0.65 1.94 3.08 4.01 4.66 4.97 4.94 4.55 3.85 2.87 ;4.41 4.88 5.00 4.76 4.19 3.32 2.22 0.96 -0.36 -1.66 -2.85 -3.83 -4.54 -4.93 -4.97 -4.66 -4.03 -3.10 -1.96 -0.68 0.65 1.94 3.08 4.01 4.66 4.97 4.94 4.55 3.85 2.87 ;];
