u24 = [4.86 5.00 4.79 4.24 3.39 2.30 1.05 -0.28 -1.58 -2.78 -3.78 -4.51 -4.92 -4.98 -4.69 -4.07 -3.17 -2.03 -0.76 0.57 1.86 3.02 3.96 4.62 4.96 4.95 4.59 3.90 2.93 1.76 ;4.86 5.00 4.79 4.24 3.39 2.30 1.05 -0.28 -1.58 -2.78 -3.78 -4.51 -4.92 -4.98 -4.69 -4.07 -3.17 -2.03 -0.76 0.57 1.86 3.02 3.96 4.62 4.96 4.95 4.59 3.90 2.93 1.76 ;4.86 5.00 4.79 4.24 3.39 2.30 1.05 -0.28 -1.58 -2.78 -3.78 -4.51 -4.92 -4.98 -4.69 -4.07 -3.17 -2.03 -0.76 0.57 1.86 3.02 3.96 4.62 4.96 4.95 4.59 3.90 2.93 1.76 ;4.86 5.00 4.79 4.24 3.39 2.30 1.05 -0.28 -1.58 -2.78 -3.78 -4.51 -4.92 -4.98 -4.69 -4.07 -3.17 -2.03 -0.76 0.57 1.86 3.02 3.96 4.62 4.96 4.95 4.59 3.90 2.93 1.76 ;4.86 5.00 4.79 4.24 3.39 2.30 1.05 -0.28 -1.58 -2.78 -3.78 -4.51 -4.92 -4.98 -4.69 -4.07 -3.17 -2.03 -0.76 0.57 1.86 3.02 3.96 4.62 4.96 4.95 4.59 3.90 2.93 1.76 ;4.86 5.00 4.79 4.24 3.39 2.30 1.05 -0.28 -1.58 -2.78 -3.78 -4.51 -4.92 -4.98 -4.69 -4.07 -3.17 -2.03 -0.76 0.57 1.86 3.02 3.96 4.62 4.96 4.95 4.59 3.90 2.93 1.76 ;4.86 5.00 4.79 4.24 3.39 2.30 1.05 -0.28 -1.58 -2.78 -3.78 -4.51 -4.92 -4.98 -4.69 -4.07 -3.17 -2.03 -0.76 0.57 1.86 3.02 3.96 4.62 4.96 4.95 4.59 3.90 2.93 1.76 ;4.86 5.00 4.79 4.24 3.39 2.30 1.05 -0.28 -1.58 -2.78 -3.78 -4.51 -4.92 -4.98 -4.69 -4.07 -3.17 -2.03 -0.76 0.57 1.86 3.02 3.96 4.62 4.96 4.95 4.59 3.90 2.93 1.76 ;4.86 5.00 4.79 4.24 3.39 2.30 1.05 -0.28 -1.58 -2.78 -3.78 -4.51 -4.92 -4.98 -4.69 -4.07 -3.17 -2.03 -0.76 0.57 1.86 3.02 3.96 4.62 4.96 4.95 4.59 3.90 2.93 1.76 ;4.86 5.00 4.79 4.24 3.39 2.30 1.05 -0.28 -1.58 -2.78 -3.78 -4.51 -4.92 -4.98 -4.69 -4.07 -3.17 -2.03 -0.76 0.57 1.86 3.02 3.96 4.62 4.96 4.95 4.59 3.90 2.93 1.76 ;4.86 5.00 4.79 4.24 3.39 2.30 1.05 -0.28 -1.58 -2.78 -3.78 -4.51 -4.92 -4.98 -4.69 -4.07 -3.17 -2.03 -0.76 0.57 1.86 3.02 3.96 4.62 4.96 4.95 4.59 3.90 2.93 1.76 ;4.86 5.00 4.79 4.24 3.39 2.30 1.05 -0.28 -1.58 -2.78 -3.78 -4.51 -4.92 -4.98 -4.69 -4.07 -3.17 -2.03 -0.76 0.57 1.86 3.02 3.96 4.62 4.96 4.95 4.59 3.90 2.93 1.76 ;4.86 5.00 4.79 4.24 3.39 2.30 1.05 -0.28 -1.58 -2.78 -3.78 -4.51 -4.92 -4.98 -4.69 -4.07 -3.17 -2.03 -0.76 0.57 1.86 3.02 3.96 4.62 4.96 4.95 4.59 3.90 2.93 1.76 ;4.86 5.00 4.79 4.24 3.39 2.30 1.05 -0.28 -1.58 -2.78 -3.78 -4.51 -4.92 -4.98 -4.69 -4.07 -3.17 -2.03 -0.76 0.57 1.86 3.02 3.96 4.62 4.96 4.95 4.59 3.90 2.93 1.76 ;4.86 5.00 4.79 4.24 3.39 2.30 1.05 -0.28 -1.58 -2.78 -3.78 -4.51 -4.92 -4.98 -4.69 -4.07 -3.17 -2.03 -0.76 0.57 1.86 3.02 3.96 4.62 4.96 4.95 4.59 3.90 2.93 1.76 ;4.86 5.00 4.79 4.24 3.39 2.30 1.05 -0.28 -1.58 -2.78 -3.78 -4.51 -4.92 -4.98 -4.69 -4.07 -3.17 -2.03 -0.76 0.57 1.86 3.02 3.96 4.62 4.96 4.95 4.59 3.90 2.93 1.76 ;4.86 5.00 4.79 4.24 3.39 2.30 1.05 -0.28 -1.58 -2.78 -3.78 -4.51 -4.92 -4.98 -4.69 -4.07 -3.17 -2.03 -0.76 0.57 1.86 3.02 3.96 4.62 4.96 4.95 4.59 3.90 2.93 1.76 ;4.86 5.00 4.79 4.24 3.39 2.30 1.05 -0.28 -1.58 -2.78 -3.78 -4.51 -4.92 -4.98 -4.69 -4.07 -3.17 -2.03 -0.76 0.57 1.86 3.02 3.96 4.62 4.96 4.95 4.59 3.90 2.93 1.76 ;4.86 5.00 4.79 4.24 3.39 2.30 1.05 -0.28 -1.58 -2.78 -3.78 -4.51 -4.92 -4.98 -4.69 -4.07 -3.17 -2.03 -0.76 0.57 1.86 3.02 3.96 4.62 4.96 4.95 4.59 3.90 2.93 1.76 ;4.86 5.00 4.79 4.24 3.39 2.30 1.05 -0.28 -1.58 -2.78 -3.78 -4.51 -4.92 -4.98 -4.69 -4.07 -3.17 -2.03 -0.76 0.57 1.86 3.02 3.96 4.62 4.96 4.95 4.59 3.90 2.93 1.76 ;4.86 5.00 4.79 4.24 3.39 2.30 1.05 -0.28 -1.58 -2.78 -3.78 -4.51 -4.92 -4.98 -4.69 -4.07 -3.17 -2.03 -0.76 0.57 1.86 3.02 3.96 4.62 4.96 4.95 4.59 3.90 2.93 1.76 ;4.86 5.00 4.79 4.24 3.39 2.30 1.05 -0.28 -1.58 -2.78 -3.78 -4.51 -4.92 -4.98 -4.69 -4.07 -3.17 -2.03 -0.76 0.57 1.86 3.02 3.96 4.62 4.96 4.95 4.59 3.90 2.93 1.76 ;4.86 5.00 4.79 4.24 3.39 2.30 1.05 -0.28 -1.58 -2.78 -3.78 -4.51 -4.92 -4.98 -4.69 -4.07 -3.17 -2.03 -0.76 0.57 1.86 3.02 3.96 4.62 4.96 4.95 4.59 3.90 2.93 1.76 ;4.86 5.00 4.79 4.24 3.39 2.30 1.05 -0.28 -1.58 -2.78 -3.78 -4.51 -4.92 -4.98 -4.69 -4.07 -3.17 -2.03 -0.76 0.57 1.86 3.02 3.96 4.62 4.96 4.95 4.59 3.90 2.93 1.76 ;4.86 5.00 4.79 4.24 3.39 2.30 1.05 -0.28 -1.58 -2.78 -3.78 -4.51 -4.92 -4.98 -4.69 -4.07 -3.17 -2.03 -0.76 0.57 1.86 3.02 3.96 4.62 4.96 4.95 4.59 3.90 2.93 1.76 ;4.86 5.00 4.79 4.24 3.39 2.30 1.05 -0.28 -1.58 -2.78 -3.78 -4.51 -4.92 -4.98 -4.69 -4.07 -3.17 -2.03 -0.76 0.57 1.86 3.02 3.96 4.62 4.96 4.95 4.59 3.90 2.93 1.76 ;4.86 5.00 4.79 4.24 3.39 2.30 1.05 -0.28 -1.58 -2.78 -3.78 -4.51 -4.92 -4.98 -4.69 -4.07 -3.17 -2.03 -0.76 0.57 1.86 3.02 3.96 4.62 4.96 4.95 4.59 3.90 2.93 1.76 ;4.86 5.00 4.79 4.24 3.39 2.30 1.05 -0.28 -1.58 -2.78 -3.78 -4.51 -4.92 -4.98 -4.69 -4.07 -3.17 -2.03 -0.76 0.57 1.86 3.02 3.96 4.62 4.96 4.95 4.59 3.90 2.93 1.76 ;4.86 5.00 4.79 4.24 3.39 2.30 1.05 -0.28 -1.58 -2.78 -3.78 -4.51 -4.92 -4.98 -4.69 -4.07 -3.17 -2.03 -0.76 0.57 1.86 3.02 3.96 4.62 4.96 4.95 4.59 3.90 2.93 1.76 ;4.86 5.00 4.79 4.24 3.39 2.30 1.05 -0.28 -1.58 -2.78 -3.78 -4.51 -4.92 -4.98 -4.69 -4.07 -3.17 -2.03 -0.76 0.57 1.86 3.02 3.96 4.62 4.96 4.95 4.59 3.90 2.93 1.76 ;];
