u89 = [3.15 4.06 4.69 4.98 4.92 4.52 3.79 2.80 1.61 0.30 -1.02 -2.28 -3.37 -4.22 -4.78 -5.00 -4.86 -4.38 -3.60 -2.55 -1.33 -0.01 1.31 2.53 3.58 4.37 4.86 5.00 4.79 4.24 ;3.15 4.06 4.69 4.98 4.92 4.52 3.79 2.80 1.61 0.30 -1.02 -2.28 -3.37 -4.22 -4.78 -5.00 -4.86 -4.38 -3.60 -2.55 -1.33 -0.01 1.31 2.53 3.58 4.37 4.86 5.00 4.79 4.24 ;3.15 4.06 4.69 4.98 4.92 4.52 3.79 2.80 1.61 0.30 -1.02 -2.28 -3.37 -4.22 -4.78 -5.00 -4.86 -4.38 -3.60 -2.55 -1.33 -0.01 1.31 2.53 3.58 4.37 4.86 5.00 4.79 4.24 ;3.15 4.06 4.69 4.98 4.92 4.52 3.79 2.80 1.61 0.30 -1.02 -2.28 -3.37 -4.22 -4.78 -5.00 -4.86 -4.38 -3.60 -2.55 -1.33 -0.01 1.31 2.53 3.58 4.37 4.86 5.00 4.79 4.24 ;3.15 4.06 4.69 4.98 4.92 4.52 3.79 2.80 1.61 0.30 -1.02 -2.28 -3.37 -4.22 -4.78 -5.00 -4.86 -4.38 -3.60 -2.55 -1.33 -0.01 1.31 2.53 3.58 4.37 4.86 5.00 4.79 4.24 ;3.15 4.06 4.69 4.98 4.92 4.52 3.79 2.80 1.61 0.30 -1.02 -2.28 -3.37 -4.22 -4.78 -5.00 -4.86 -4.38 -3.60 -2.55 -1.33 -0.01 1.31 2.53 3.58 4.37 4.86 5.00 4.79 4.24 ;3.15 4.06 4.69 4.98 4.92 4.52 3.79 2.80 1.61 0.30 -1.02 -2.28 -3.37 -4.22 -4.78 -5.00 -4.86 -4.38 -3.60 -2.55 -1.33 -0.01 1.31 2.53 3.58 4.37 4.86 5.00 4.79 4.24 ;3.15 4.06 4.69 4.98 4.92 4.52 3.79 2.80 1.61 0.30 -1.02 -2.28 -3.37 -4.22 -4.78 -5.00 -4.86 -4.38 -3.60 -2.55 -1.33 -0.01 1.31 2.53 3.58 4.37 4.86 5.00 4.79 4.24 ;3.15 4.06 4.69 4.98 4.92 4.52 3.79 2.80 1.61 0.30 -1.02 -2.28 -3.37 -4.22 -4.78 -5.00 -4.86 -4.38 -3.60 -2.55 -1.33 -0.01 1.31 2.53 3.58 4.37 4.86 5.00 4.79 4.24 ;3.15 4.06 4.69 4.98 4.92 4.52 3.79 2.80 1.61 0.30 -1.02 -2.28 -3.37 -4.22 -4.78 -5.00 -4.86 -4.38 -3.60 -2.55 -1.33 -0.01 1.31 2.53 3.58 4.37 4.86 5.00 4.79 4.24 ;3.15 4.06 4.69 4.98 4.92 4.52 3.79 2.80 1.61 0.30 -1.02 -2.28 -3.37 -4.22 -4.78 -5.00 -4.86 -4.38 -3.60 -2.55 -1.33 -0.01 1.31 2.53 3.58 4.37 4.86 5.00 4.79 4.24 ;3.15 4.06 4.69 4.98 4.92 4.52 3.79 2.80 1.61 0.30 -1.02 -2.28 -3.37 -4.22 -4.78 -5.00 -4.86 -4.38 -3.60 -2.55 -1.33 -0.01 1.31 2.53 3.58 4.37 4.86 5.00 4.79 4.24 ;3.15 4.06 4.69 4.98 4.92 4.52 3.79 2.80 1.61 0.30 -1.02 -2.28 -3.37 -4.22 -4.78 -5.00 -4.86 -4.38 -3.60 -2.55 -1.33 -0.01 1.31 2.53 3.58 4.37 4.86 5.00 4.79 4.24 ;3.15 4.06 4.69 4.98 4.92 4.52 3.79 2.80 1.61 0.30 -1.02 -2.28 -3.37 -4.22 -4.78 -5.00 -4.86 -4.38 -3.60 -2.55 -1.33 -0.01 1.31 2.53 3.58 4.37 4.86 5.00 4.79 4.24 ;3.15 4.06 4.69 4.98 4.92 4.52 3.79 2.80 1.61 0.30 -1.02 -2.28 -3.37 -4.22 -4.78 -5.00 -4.86 -4.38 -3.60 -2.55 -1.33 -0.01 1.31 2.53 3.58 4.37 4.86 5.00 4.79 4.24 ;3.15 4.06 4.69 4.98 4.92 4.52 3.79 2.80 1.61 0.30 -1.02 -2.28 -3.37 -4.22 -4.78 -5.00 -4.86 -4.38 -3.60 -2.55 -1.33 -0.01 1.31 2.53 3.58 4.37 4.86 5.00 4.79 4.24 ;3.15 4.06 4.69 4.98 4.92 4.52 3.79 2.80 1.61 0.30 -1.02 -2.28 -3.37 -4.22 -4.78 -5.00 -4.86 -4.38 -3.60 -2.55 -1.33 -0.01 1.31 2.53 3.58 4.37 4.86 5.00 4.79 4.24 ;3.15 4.06 4.69 4.98 4.92 4.52 3.79 2.80 1.61 0.30 -1.02 -2.28 -3.37 -4.22 -4.78 -5.00 -4.86 -4.38 -3.60 -2.55 -1.33 -0.01 1.31 2.53 3.58 4.37 4.86 5.00 4.79 4.24 ;3.15 4.06 4.69 4.98 4.92 4.52 3.79 2.80 1.61 0.30 -1.02 -2.28 -3.37 -4.22 -4.78 -5.00 -4.86 -4.38 -3.60 -2.55 -1.33 -0.01 1.31 2.53 3.58 4.37 4.86 5.00 4.79 4.24 ;3.15 4.06 4.69 4.98 4.92 4.52 3.79 2.80 1.61 0.30 -1.02 -2.28 -3.37 -4.22 -4.78 -5.00 -4.86 -4.38 -3.60 -2.55 -1.33 -0.01 1.31 2.53 3.58 4.37 4.86 5.00 4.79 4.24 ;3.15 4.06 4.69 4.98 4.92 4.52 3.79 2.80 1.61 0.30 -1.02 -2.28 -3.37 -4.22 -4.78 -5.00 -4.86 -4.38 -3.60 -2.55 -1.33 -0.01 1.31 2.53 3.58 4.37 4.86 5.00 4.79 4.24 ;3.15 4.06 4.69 4.98 4.92 4.52 3.79 2.80 1.61 0.30 -1.02 -2.28 -3.37 -4.22 -4.78 -5.00 -4.86 -4.38 -3.60 -2.55 -1.33 -0.01 1.31 2.53 3.58 4.37 4.86 5.00 4.79 4.24 ;3.15 4.06 4.69 4.98 4.92 4.52 3.79 2.80 1.61 0.30 -1.02 -2.28 -3.37 -4.22 -4.78 -5.00 -4.86 -4.38 -3.60 -2.55 -1.33 -0.01 1.31 2.53 3.58 4.37 4.86 5.00 4.79 4.24 ;3.15 4.06 4.69 4.98 4.92 4.52 3.79 2.80 1.61 0.30 -1.02 -2.28 -3.37 -4.22 -4.78 -5.00 -4.86 -4.38 -3.60 -2.55 -1.33 -0.01 1.31 2.53 3.58 4.37 4.86 5.00 4.79 4.24 ;3.15 4.06 4.69 4.98 4.92 4.52 3.79 2.80 1.61 0.30 -1.02 -2.28 -3.37 -4.22 -4.78 -5.00 -4.86 -4.38 -3.60 -2.55 -1.33 -0.01 1.31 2.53 3.58 4.37 4.86 5.00 4.79 4.24 ;3.15 4.06 4.69 4.98 4.92 4.52 3.79 2.80 1.61 0.30 -1.02 -2.28 -3.37 -4.22 -4.78 -5.00 -4.86 -4.38 -3.60 -2.55 -1.33 -0.01 1.31 2.53 3.58 4.37 4.86 5.00 4.79 4.24 ;3.15 4.06 4.69 4.98 4.92 4.52 3.79 2.80 1.61 0.30 -1.02 -2.28 -3.37 -4.22 -4.78 -5.00 -4.86 -4.38 -3.60 -2.55 -1.33 -0.01 1.31 2.53 3.58 4.37 4.86 5.00 4.79 4.24 ;3.15 4.06 4.69 4.98 4.92 4.52 3.79 2.80 1.61 0.30 -1.02 -2.28 -3.37 -4.22 -4.78 -5.00 -4.86 -4.38 -3.60 -2.55 -1.33 -0.01 1.31 2.53 3.58 4.37 4.86 5.00 4.79 4.24 ;3.15 4.06 4.69 4.98 4.92 4.52 3.79 2.80 1.61 0.30 -1.02 -2.28 -3.37 -4.22 -4.78 -5.00 -4.86 -4.38 -3.60 -2.55 -1.33 -0.01 1.31 2.53 3.58 4.37 4.86 5.00 4.79 4.24 ;3.15 4.06 4.69 4.98 4.92 4.52 3.79 2.80 1.61 0.30 -1.02 -2.28 -3.37 -4.22 -4.78 -5.00 -4.86 -4.38 -3.60 -2.55 -1.33 -0.01 1.31 2.53 3.58 4.37 4.86 5.00 4.79 4.24 ;];
