u = [4.13 4.90 4.90 4.13 2.70 0.85 -1.14 -2.94 -4.28 -4.95 -4.83 -3.95 -2.45 -0.56 1.42 3.17 4.43 4.98 4.75 3.77 ;4.13 4.90 4.90 4.13 2.70 0.85 -1.14 -2.94 -4.28 -4.95 -4.83 -3.95 -2.45 -0.56 1.42 3.17 4.43 4.98 4.75 3.77 ;4.13 4.90 4.90 4.13 2.70 0.85 -1.14 -2.94 -4.28 -4.95 -4.83 -3.95 -2.45 -0.56 1.42 3.17 4.43 4.98 4.75 3.77 ;4.13 4.90 4.90 4.13 2.70 0.85 -1.14 -2.94 -4.28 -4.95 -4.83 -3.95 -2.45 -0.56 1.42 3.17 4.43 4.98 4.75 3.77 ;4.13 4.90 4.90 4.13 2.70 0.85 -1.14 -2.94 -4.28 -4.95 -4.83 -3.95 -2.45 -0.56 1.42 3.17 4.43 4.98 4.75 3.77 ;4.13 4.90 4.90 4.13 2.70 0.85 -1.14 -2.94 -4.28 -4.95 -4.83 -3.95 -2.45 -0.56 1.42 3.17 4.43 4.98 4.75 3.77 ;4.13 4.90 4.90 4.13 2.70 0.85 -1.14 -2.94 -4.28 -4.95 -4.83 -3.95 -2.45 -0.56 1.42 3.17 4.43 4.98 4.75 3.77 ;4.13 4.90 4.90 4.13 2.70 0.85 -1.14 -2.94 -4.28 -4.95 -4.83 -3.95 -2.45 -0.56 1.42 3.17 4.43 4.98 4.75 3.77 ;4.13 4.90 4.90 4.13 2.70 0.85 -1.14 -2.94 -4.28 -4.95 -4.83 -3.95 -2.45 -0.56 1.42 3.17 4.43 4.98 4.75 3.77 ;4.13 4.90 4.90 4.13 2.70 0.85 -1.14 -2.94 -4.28 -4.95 -4.83 -3.95 -2.45 -0.56 1.42 3.17 4.43 4.98 4.75 3.77 ;4.13 4.90 4.90 4.13 2.70 0.85 -1.14 -2.94 -4.28 -4.95 -4.83 -3.95 -2.45 -0.56 1.42 3.17 4.43 4.98 4.75 3.77 ;4.13 4.90 4.90 4.13 2.70 0.85 -1.14 -2.94 -4.28 -4.95 -4.83 -3.95 -2.45 -0.56 1.42 3.17 4.43 4.98 4.75 3.77 ;4.13 4.90 4.90 4.13 2.70 0.85 -1.14 -2.94 -4.28 -4.95 -4.83 -3.95 -2.45 -0.56 1.42 3.17 4.43 4.98 4.75 3.77 ;4.13 4.90 4.90 4.13 2.70 0.85 -1.14 -2.94 -4.28 -4.95 -4.83 -3.95 -2.45 -0.56 1.42 3.17 4.43 4.98 4.75 3.77 ;4.13 4.90 4.90 4.13 2.70 0.85 -1.14 -2.94 -4.28 -4.95 -4.83 -3.95 -2.45 -0.56 1.42 3.17 4.43 4.98 4.75 3.77 ;4.13 4.90 4.90 4.13 2.70 0.85 -1.14 -2.94 -4.28 -4.95 -4.83 -3.95 -2.45 -0.56 1.42 3.17 4.43 4.98 4.75 3.77 ;4.13 4.90 4.90 4.13 2.70 0.85 -1.14 -2.94 -4.28 -4.95 -4.83 -3.95 -2.45 -0.56 1.42 3.17 4.43 4.98 4.75 3.77 ;4.13 4.90 4.90 4.13 2.70 0.85 -1.14 -2.94 -4.28 -4.95 -4.83 -3.95 -2.45 -0.56 1.42 3.17 4.43 4.98 4.75 3.77 ;4.13 4.90 4.90 4.13 2.70 0.85 -1.14 -2.94 -4.28 -4.95 -4.83 -3.95 -2.45 -0.56 1.42 3.17 4.43 4.98 4.75 3.77 ;4.13 4.90 4.90 4.13 2.70 0.85 -1.14 -2.94 -4.28 -4.95 -4.83 -3.95 -2.45 -0.56 1.42 3.17 4.43 4.98 4.75 3.77 ;];
v = [3.30 3.92 3.92 3.30 2.16 0.68 -0.91 -2.35 -3.43 -3.96 -3.87 -3.16 -1.96 -0.45 1.13 2.54 3.54 3.99 3.80 3.02 ;3.30 3.92 3.92 3.30 2.16 0.68 -0.91 -2.35 -3.43 -3.96 -3.87 -3.16 -1.96 -0.45 1.13 2.54 3.54 3.99 3.80 3.02 ;3.30 3.92 3.92 3.30 2.16 0.68 -0.91 -2.35 -3.43 -3.96 -3.87 -3.16 -1.96 -0.45 1.13 2.54 3.54 3.99 3.80 3.02 ;3.30 3.92 3.92 3.30 2.16 0.68 -0.91 -2.35 -3.43 -3.96 -3.87 -3.16 -1.96 -0.45 1.13 2.54 3.54 3.99 3.80 3.02 ;3.30 3.92 3.92 3.30 2.16 0.68 -0.91 -2.35 -3.43 -3.96 -3.87 -3.16 -1.96 -0.45 1.13 2.54 3.54 3.99 3.80 3.02 ;3.30 3.92 3.92 3.30 2.16 0.68 -0.91 -2.35 -3.43 -3.96 -3.87 -3.16 -1.96 -0.45 1.13 2.54 3.54 3.99 3.80 3.02 ;3.30 3.92 3.92 3.30 2.16 0.68 -0.91 -2.35 -3.43 -3.96 -3.87 -3.16 -1.96 -0.45 1.13 2.54 3.54 3.99 3.80 3.02 ;3.30 3.92 3.92 3.30 2.16 0.68 -0.91 -2.35 -3.43 -3.96 -3.87 -3.16 -1.96 -0.45 1.13 2.54 3.54 3.99 3.80 3.02 ;3.30 3.92 3.92 3.30 2.16 0.68 -0.91 -2.35 -3.43 -3.96 -3.87 -3.16 -1.96 -0.45 1.13 2.54 3.54 3.99 3.80 3.02 ;3.30 3.92 3.92 3.30 2.16 0.68 -0.91 -2.35 -3.43 -3.96 -3.87 -3.16 -1.96 -0.45 1.13 2.54 3.54 3.99 3.80 3.02 ;3.30 3.92 3.92 3.30 2.16 0.68 -0.91 -2.35 -3.43 -3.96 -3.87 -3.16 -1.96 -0.45 1.13 2.54 3.54 3.99 3.80 3.02 ;3.30 3.92 3.92 3.30 2.16 0.68 -0.91 -2.35 -3.43 -3.96 -3.87 -3.16 -1.96 -0.45 1.13 2.54 3.54 3.99 3.80 3.02 ;3.30 3.92 3.92 3.30 2.16 0.68 -0.91 -2.35 -3.43 -3.96 -3.87 -3.16 -1.96 -0.45 1.13 2.54 3.54 3.99 3.80 3.02 ;3.30 3.92 3.92 3.30 2.16 0.68 -0.91 -2.35 -3.43 -3.96 -3.87 -3.16 -1.96 -0.45 1.13 2.54 3.54 3.99 3.80 3.02 ;3.30 3.92 3.92 3.30 2.16 0.68 -0.91 -2.35 -3.43 -3.96 -3.87 -3.16 -1.96 -0.45 1.13 2.54 3.54 3.99 3.80 3.02 ;3.30 3.92 3.92 3.30 2.16 0.68 -0.91 -2.35 -3.43 -3.96 -3.87 -3.16 -1.96 -0.45 1.13 2.54 3.54 3.99 3.80 3.02 ;3.30 3.92 3.92 3.30 2.16 0.68 -0.91 -2.35 -3.43 -3.96 -3.87 -3.16 -1.96 -0.45 1.13 2.54 3.54 3.99 3.80 3.02 ;3.30 3.92 3.92 3.30 2.16 0.68 -0.91 -2.35 -3.43 -3.96 -3.87 -3.16 -1.96 -0.45 1.13 2.54 3.54 3.99 3.80 3.02 ;3.30 3.92 3.92 3.30 2.16 0.68 -0.91 -2.35 -3.43 -3.96 -3.87 -3.16 -1.96 -0.45 1.13 2.54 3.54 3.99 3.80 3.02 ;3.30 3.92 3.92 3.30 2.16 0.68 -0.91 -2.35 -3.43 -3.96 -3.87 -3.16 -1.96 -0.45 1.13 2.54 3.54 3.99 3.80 3.02 ;];
x = [0.00 0.05 0.10 0.15 0.20 0.25 0.30 0.35 0.40 0.45 0.50 0.55 0.60 0.65 0.70 0.75 0.80 0.85 0.90 0.95 ;0.00 0.05 0.10 0.15 0.20 0.25 0.30 0.35 0.40 0.45 0.50 0.55 0.60 0.65 0.70 0.75 0.80 0.85 0.90 0.95 ;0.00 0.05 0.10 0.15 0.20 0.25 0.30 0.35 0.40 0.45 0.50 0.55 0.60 0.65 0.70 0.75 0.80 0.85 0.90 0.95 ;0.00 0.05 0.10 0.15 0.20 0.25 0.30 0.35 0.40 0.45 0.50 0.55 0.60 0.65 0.70 0.75 0.80 0.85 0.90 0.95 ;0.00 0.05 0.10 0.15 0.20 0.25 0.30 0.35 0.40 0.45 0.50 0.55 0.60 0.65 0.70 0.75 0.80 0.85 0.90 0.95 ;0.00 0.05 0.10 0.15 0.20 0.25 0.30 0.35 0.40 0.45 0.50 0.55 0.60 0.65 0.70 0.75 0.80 0.85 0.90 0.95 ;0.00 0.05 0.10 0.15 0.20 0.25 0.30 0.35 0.40 0.45 0.50 0.55 0.60 0.65 0.70 0.75 0.80 0.85 0.90 0.95 ;0.00 0.05 0.10 0.15 0.20 0.25 0.30 0.35 0.40 0.45 0.50 0.55 0.60 0.65 0.70 0.75 0.80 0.85 0.90 0.95 ;0.00 0.05 0.10 0.15 0.20 0.25 0.30 0.35 0.40 0.45 0.50 0.55 0.60 0.65 0.70 0.75 0.80 0.85 0.90 0.95 ;0.00 0.05 0.10 0.15 0.20 0.25 0.30 0.35 0.40 0.45 0.50 0.55 0.60 0.65 0.70 0.75 0.80 0.85 0.90 0.95 ;0.00 0.05 0.10 0.15 0.20 0.25 0.30 0.35 0.40 0.45 0.50 0.55 0.60 0.65 0.70 0.75 0.80 0.85 0.90 0.95 ;0.00 0.05 0.10 0.15 0.20 0.25 0.30 0.35 0.40 0.45 0.50 0.55 0.60 0.65 0.70 0.75 0.80 0.85 0.90 0.95 ;0.00 0.05 0.10 0.15 0.20 0.25 0.30 0.35 0.40 0.45 0.50 0.55 0.60 0.65 0.70 0.75 0.80 0.85 0.90 0.95 ;0.00 0.05 0.10 0.15 0.20 0.25 0.30 0.35 0.40 0.45 0.50 0.55 0.60 0.65 0.70 0.75 0.80 0.85 0.90 0.95 ;0.00 0.05 0.10 0.15 0.20 0.25 0.30 0.35 0.40 0.45 0.50 0.55 0.60 0.65 0.70 0.75 0.80 0.85 0.90 0.95 ;0.00 0.05 0.10 0.15 0.20 0.25 0.30 0.35 0.40 0.45 0.50 0.55 0.60 0.65 0.70 0.75 0.80 0.85 0.90 0.95 ;0.00 0.05 0.10 0.15 0.20 0.25 0.30 0.35 0.40 0.45 0.50 0.55 0.60 0.65 0.70 0.75 0.80 0.85 0.90 0.95 ;0.00 0.05 0.10 0.15 0.20 0.25 0.30 0.35 0.40 0.45 0.50 0.55 0.60 0.65 0.70 0.75 0.80 0.85 0.90 0.95 ;0.00 0.05 0.10 0.15 0.20 0.25 0.30 0.35 0.40 0.45 0.50 0.55 0.60 0.65 0.70 0.75 0.80 0.85 0.90 0.95 ;0.00 0.05 0.10 0.15 0.20 0.25 0.30 0.35 0.40 0.45 0.50 0.55 0.60 0.65 0.70 0.75 0.80 0.85 0.90 0.95 ;];
