u92 = [3.03 3.97 4.63 4.96 4.95 4.58 3.89 2.92 1.75 0.45 -0.87 -2.14 -3.26 -4.14 -4.73 -4.99 -4.90 -4.45 -3.70 -2.68 -1.47 -0.16 1.16 2.40 3.47 4.30 4.82 5.00 4.83 4.31 ;3.03 3.97 4.63 4.96 4.95 4.58 3.89 2.92 1.75 0.45 -0.87 -2.14 -3.26 -4.14 -4.73 -4.99 -4.90 -4.45 -3.70 -2.68 -1.47 -0.16 1.16 2.40 3.47 4.30 4.82 5.00 4.83 4.31 ;3.03 3.97 4.63 4.96 4.95 4.58 3.89 2.92 1.75 0.45 -0.87 -2.14 -3.26 -4.14 -4.73 -4.99 -4.90 -4.45 -3.70 -2.68 -1.47 -0.16 1.16 2.40 3.47 4.30 4.82 5.00 4.83 4.31 ;3.03 3.97 4.63 4.96 4.95 4.58 3.89 2.92 1.75 0.45 -0.87 -2.14 -3.26 -4.14 -4.73 -4.99 -4.90 -4.45 -3.70 -2.68 -1.47 -0.16 1.16 2.40 3.47 4.30 4.82 5.00 4.83 4.31 ;3.03 3.97 4.63 4.96 4.95 4.58 3.89 2.92 1.75 0.45 -0.87 -2.14 -3.26 -4.14 -4.73 -4.99 -4.90 -4.45 -3.70 -2.68 -1.47 -0.16 1.16 2.40 3.47 4.30 4.82 5.00 4.83 4.31 ;3.03 3.97 4.63 4.96 4.95 4.58 3.89 2.92 1.75 0.45 -0.87 -2.14 -3.26 -4.14 -4.73 -4.99 -4.90 -4.45 -3.70 -2.68 -1.47 -0.16 1.16 2.40 3.47 4.30 4.82 5.00 4.83 4.31 ;3.03 3.97 4.63 4.96 4.95 4.58 3.89 2.92 1.75 0.45 -0.87 -2.14 -3.26 -4.14 -4.73 -4.99 -4.90 -4.45 -3.70 -2.68 -1.47 -0.16 1.16 2.40 3.47 4.30 4.82 5.00 4.83 4.31 ;3.03 3.97 4.63 4.96 4.95 4.58 3.89 2.92 1.75 0.45 -0.87 -2.14 -3.26 -4.14 -4.73 -4.99 -4.90 -4.45 -3.70 -2.68 -1.47 -0.16 1.16 2.40 3.47 4.30 4.82 5.00 4.83 4.31 ;3.03 3.97 4.63 4.96 4.95 4.58 3.89 2.92 1.75 0.45 -0.87 -2.14 -3.26 -4.14 -4.73 -4.99 -4.90 -4.45 -3.70 -2.68 -1.47 -0.16 1.16 2.40 3.47 4.30 4.82 5.00 4.83 4.31 ;3.03 3.97 4.63 4.96 4.95 4.58 3.89 2.92 1.75 0.45 -0.87 -2.14 -3.26 -4.14 -4.73 -4.99 -4.90 -4.45 -3.70 -2.68 -1.47 -0.16 1.16 2.40 3.47 4.30 4.82 5.00 4.83 4.31 ;3.03 3.97 4.63 4.96 4.95 4.58 3.89 2.92 1.75 0.45 -0.87 -2.14 -3.26 -4.14 -4.73 -4.99 -4.90 -4.45 -3.70 -2.68 -1.47 -0.16 1.16 2.40 3.47 4.30 4.82 5.00 4.83 4.31 ;3.03 3.97 4.63 4.96 4.95 4.58 3.89 2.92 1.75 0.45 -0.87 -2.14 -3.26 -4.14 -4.73 -4.99 -4.90 -4.45 -3.70 -2.68 -1.47 -0.16 1.16 2.40 3.47 4.30 4.82 5.00 4.83 4.31 ;3.03 3.97 4.63 4.96 4.95 4.58 3.89 2.92 1.75 0.45 -0.87 -2.14 -3.26 -4.14 -4.73 -4.99 -4.90 -4.45 -3.70 -2.68 -1.47 -0.16 1.16 2.40 3.47 4.30 4.82 5.00 4.83 4.31 ;3.03 3.97 4.63 4.96 4.95 4.58 3.89 2.92 1.75 0.45 -0.87 -2.14 -3.26 -4.14 -4.73 -4.99 -4.90 -4.45 -3.70 -2.68 -1.47 -0.16 1.16 2.40 3.47 4.30 4.82 5.00 4.83 4.31 ;3.03 3.97 4.63 4.96 4.95 4.58 3.89 2.92 1.75 0.45 -0.87 -2.14 -3.26 -4.14 -4.73 -4.99 -4.90 -4.45 -3.70 -2.68 -1.47 -0.16 1.16 2.40 3.47 4.30 4.82 5.00 4.83 4.31 ;3.03 3.97 4.63 4.96 4.95 4.58 3.89 2.92 1.75 0.45 -0.87 -2.14 -3.26 -4.14 -4.73 -4.99 -4.90 -4.45 -3.70 -2.68 -1.47 -0.16 1.16 2.40 3.47 4.30 4.82 5.00 4.83 4.31 ;3.03 3.97 4.63 4.96 4.95 4.58 3.89 2.92 1.75 0.45 -0.87 -2.14 -3.26 -4.14 -4.73 -4.99 -4.90 -4.45 -3.70 -2.68 -1.47 -0.16 1.16 2.40 3.47 4.30 4.82 5.00 4.83 4.31 ;3.03 3.97 4.63 4.96 4.95 4.58 3.89 2.92 1.75 0.45 -0.87 -2.14 -3.26 -4.14 -4.73 -4.99 -4.90 -4.45 -3.70 -2.68 -1.47 -0.16 1.16 2.40 3.47 4.30 4.82 5.00 4.83 4.31 ;3.03 3.97 4.63 4.96 4.95 4.58 3.89 2.92 1.75 0.45 -0.87 -2.14 -3.26 -4.14 -4.73 -4.99 -4.90 -4.45 -3.70 -2.68 -1.47 -0.16 1.16 2.40 3.47 4.30 4.82 5.00 4.83 4.31 ;3.03 3.97 4.63 4.96 4.95 4.58 3.89 2.92 1.75 0.45 -0.87 -2.14 -3.26 -4.14 -4.73 -4.99 -4.90 -4.45 -3.70 -2.68 -1.47 -0.16 1.16 2.40 3.47 4.30 4.82 5.00 4.83 4.31 ;3.03 3.97 4.63 4.96 4.95 4.58 3.89 2.92 1.75 0.45 -0.87 -2.14 -3.26 -4.14 -4.73 -4.99 -4.90 -4.45 -3.70 -2.68 -1.47 -0.16 1.16 2.40 3.47 4.30 4.82 5.00 4.83 4.31 ;3.03 3.97 4.63 4.96 4.95 4.58 3.89 2.92 1.75 0.45 -0.87 -2.14 -3.26 -4.14 -4.73 -4.99 -4.90 -4.45 -3.70 -2.68 -1.47 -0.16 1.16 2.40 3.47 4.30 4.82 5.00 4.83 4.31 ;3.03 3.97 4.63 4.96 4.95 4.58 3.89 2.92 1.75 0.45 -0.87 -2.14 -3.26 -4.14 -4.73 -4.99 -4.90 -4.45 -3.70 -2.68 -1.47 -0.16 1.16 2.40 3.47 4.30 4.82 5.00 4.83 4.31 ;3.03 3.97 4.63 4.96 4.95 4.58 3.89 2.92 1.75 0.45 -0.87 -2.14 -3.26 -4.14 -4.73 -4.99 -4.90 -4.45 -3.70 -2.68 -1.47 -0.16 1.16 2.40 3.47 4.30 4.82 5.00 4.83 4.31 ;3.03 3.97 4.63 4.96 4.95 4.58 3.89 2.92 1.75 0.45 -0.87 -2.14 -3.26 -4.14 -4.73 -4.99 -4.90 -4.45 -3.70 -2.68 -1.47 -0.16 1.16 2.40 3.47 4.30 4.82 5.00 4.83 4.31 ;3.03 3.97 4.63 4.96 4.95 4.58 3.89 2.92 1.75 0.45 -0.87 -2.14 -3.26 -4.14 -4.73 -4.99 -4.90 -4.45 -3.70 -2.68 -1.47 -0.16 1.16 2.40 3.47 4.30 4.82 5.00 4.83 4.31 ;3.03 3.97 4.63 4.96 4.95 4.58 3.89 2.92 1.75 0.45 -0.87 -2.14 -3.26 -4.14 -4.73 -4.99 -4.90 -4.45 -3.70 -2.68 -1.47 -0.16 1.16 2.40 3.47 4.30 4.82 5.00 4.83 4.31 ;3.03 3.97 4.63 4.96 4.95 4.58 3.89 2.92 1.75 0.45 -0.87 -2.14 -3.26 -4.14 -4.73 -4.99 -4.90 -4.45 -3.70 -2.68 -1.47 -0.16 1.16 2.40 3.47 4.30 4.82 5.00 4.83 4.31 ;3.03 3.97 4.63 4.96 4.95 4.58 3.89 2.92 1.75 0.45 -0.87 -2.14 -3.26 -4.14 -4.73 -4.99 -4.90 -4.45 -3.70 -2.68 -1.47 -0.16 1.16 2.40 3.47 4.30 4.82 5.00 4.83 4.31 ;3.03 3.97 4.63 4.96 4.95 4.58 3.89 2.92 1.75 0.45 -0.87 -2.14 -3.26 -4.14 -4.73 -4.99 -4.90 -4.45 -3.70 -2.68 -1.47 -0.16 1.16 2.40 3.47 4.30 4.82 5.00 4.83 4.31 ;];
