u42 = [4.57 4.94 4.97 4.64 3.99 3.06 1.90 0.62 -0.71 -1.99 -3.13 -4.05 -4.68 -4.98 -4.93 -4.53 -3.81 -2.82 -1.63 -0.33 1.00 2.25 3.35 4.21 4.77 5.00 4.87 4.40 3.61 2.57 ;4.57 4.94 4.97 4.64 3.99 3.06 1.90 0.62 -0.71 -1.99 -3.13 -4.05 -4.68 -4.98 -4.93 -4.53 -3.81 -2.82 -1.63 -0.33 1.00 2.25 3.35 4.21 4.77 5.00 4.87 4.40 3.61 2.57 ;4.57 4.94 4.97 4.64 3.99 3.06 1.90 0.62 -0.71 -1.99 -3.13 -4.05 -4.68 -4.98 -4.93 -4.53 -3.81 -2.82 -1.63 -0.33 1.00 2.25 3.35 4.21 4.77 5.00 4.87 4.40 3.61 2.57 ;4.57 4.94 4.97 4.64 3.99 3.06 1.90 0.62 -0.71 -1.99 -3.13 -4.05 -4.68 -4.98 -4.93 -4.53 -3.81 -2.82 -1.63 -0.33 1.00 2.25 3.35 4.21 4.77 5.00 4.87 4.40 3.61 2.57 ;4.57 4.94 4.97 4.64 3.99 3.06 1.90 0.62 -0.71 -1.99 -3.13 -4.05 -4.68 -4.98 -4.93 -4.53 -3.81 -2.82 -1.63 -0.33 1.00 2.25 3.35 4.21 4.77 5.00 4.87 4.40 3.61 2.57 ;4.57 4.94 4.97 4.64 3.99 3.06 1.90 0.62 -0.71 -1.99 -3.13 -4.05 -4.68 -4.98 -4.93 -4.53 -3.81 -2.82 -1.63 -0.33 1.00 2.25 3.35 4.21 4.77 5.00 4.87 4.40 3.61 2.57 ;4.57 4.94 4.97 4.64 3.99 3.06 1.90 0.62 -0.71 -1.99 -3.13 -4.05 -4.68 -4.98 -4.93 -4.53 -3.81 -2.82 -1.63 -0.33 1.00 2.25 3.35 4.21 4.77 5.00 4.87 4.40 3.61 2.57 ;4.57 4.94 4.97 4.64 3.99 3.06 1.90 0.62 -0.71 -1.99 -3.13 -4.05 -4.68 -4.98 -4.93 -4.53 -3.81 -2.82 -1.63 -0.33 1.00 2.25 3.35 4.21 4.77 5.00 4.87 4.40 3.61 2.57 ;4.57 4.94 4.97 4.64 3.99 3.06 1.90 0.62 -0.71 -1.99 -3.13 -4.05 -4.68 -4.98 -4.93 -4.53 -3.81 -2.82 -1.63 -0.33 1.00 2.25 3.35 4.21 4.77 5.00 4.87 4.40 3.61 2.57 ;4.57 4.94 4.97 4.64 3.99 3.06 1.90 0.62 -0.71 -1.99 -3.13 -4.05 -4.68 -4.98 -4.93 -4.53 -3.81 -2.82 -1.63 -0.33 1.00 2.25 3.35 4.21 4.77 5.00 4.87 4.40 3.61 2.57 ;4.57 4.94 4.97 4.64 3.99 3.06 1.90 0.62 -0.71 -1.99 -3.13 -4.05 -4.68 -4.98 -4.93 -4.53 -3.81 -2.82 -1.63 -0.33 1.00 2.25 3.35 4.21 4.77 5.00 4.87 4.40 3.61 2.57 ;4.57 4.94 4.97 4.64 3.99 3.06 1.90 0.62 -0.71 -1.99 -3.13 -4.05 -4.68 -4.98 -4.93 -4.53 -3.81 -2.82 -1.63 -0.33 1.00 2.25 3.35 4.21 4.77 5.00 4.87 4.40 3.61 2.57 ;4.57 4.94 4.97 4.64 3.99 3.06 1.90 0.62 -0.71 -1.99 -3.13 -4.05 -4.68 -4.98 -4.93 -4.53 -3.81 -2.82 -1.63 -0.33 1.00 2.25 3.35 4.21 4.77 5.00 4.87 4.40 3.61 2.57 ;4.57 4.94 4.97 4.64 3.99 3.06 1.90 0.62 -0.71 -1.99 -3.13 -4.05 -4.68 -4.98 -4.93 -4.53 -3.81 -2.82 -1.63 -0.33 1.00 2.25 3.35 4.21 4.77 5.00 4.87 4.40 3.61 2.57 ;4.57 4.94 4.97 4.64 3.99 3.06 1.90 0.62 -0.71 -1.99 -3.13 -4.05 -4.68 -4.98 -4.93 -4.53 -3.81 -2.82 -1.63 -0.33 1.00 2.25 3.35 4.21 4.77 5.00 4.87 4.40 3.61 2.57 ;4.57 4.94 4.97 4.64 3.99 3.06 1.90 0.62 -0.71 -1.99 -3.13 -4.05 -4.68 -4.98 -4.93 -4.53 -3.81 -2.82 -1.63 -0.33 1.00 2.25 3.35 4.21 4.77 5.00 4.87 4.40 3.61 2.57 ;4.57 4.94 4.97 4.64 3.99 3.06 1.90 0.62 -0.71 -1.99 -3.13 -4.05 -4.68 -4.98 -4.93 -4.53 -3.81 -2.82 -1.63 -0.33 1.00 2.25 3.35 4.21 4.77 5.00 4.87 4.40 3.61 2.57 ;4.57 4.94 4.97 4.64 3.99 3.06 1.90 0.62 -0.71 -1.99 -3.13 -4.05 -4.68 -4.98 -4.93 -4.53 -3.81 -2.82 -1.63 -0.33 1.00 2.25 3.35 4.21 4.77 5.00 4.87 4.40 3.61 2.57 ;4.57 4.94 4.97 4.64 3.99 3.06 1.90 0.62 -0.71 -1.99 -3.13 -4.05 -4.68 -4.98 -4.93 -4.53 -3.81 -2.82 -1.63 -0.33 1.00 2.25 3.35 4.21 4.77 5.00 4.87 4.40 3.61 2.57 ;4.57 4.94 4.97 4.64 3.99 3.06 1.90 0.62 -0.71 -1.99 -3.13 -4.05 -4.68 -4.98 -4.93 -4.53 -3.81 -2.82 -1.63 -0.33 1.00 2.25 3.35 4.21 4.77 5.00 4.87 4.40 3.61 2.57 ;4.57 4.94 4.97 4.64 3.99 3.06 1.90 0.62 -0.71 -1.99 -3.13 -4.05 -4.68 -4.98 -4.93 -4.53 -3.81 -2.82 -1.63 -0.33 1.00 2.25 3.35 4.21 4.77 5.00 4.87 4.40 3.61 2.57 ;4.57 4.94 4.97 4.64 3.99 3.06 1.90 0.62 -0.71 -1.99 -3.13 -4.05 -4.68 -4.98 -4.93 -4.53 -3.81 -2.82 -1.63 -0.33 1.00 2.25 3.35 4.21 4.77 5.00 4.87 4.40 3.61 2.57 ;4.57 4.94 4.97 4.64 3.99 3.06 1.90 0.62 -0.71 -1.99 -3.13 -4.05 -4.68 -4.98 -4.93 -4.53 -3.81 -2.82 -1.63 -0.33 1.00 2.25 3.35 4.21 4.77 5.00 4.87 4.40 3.61 2.57 ;4.57 4.94 4.97 4.64 3.99 3.06 1.90 0.62 -0.71 -1.99 -3.13 -4.05 -4.68 -4.98 -4.93 -4.53 -3.81 -2.82 -1.63 -0.33 1.00 2.25 3.35 4.21 4.77 5.00 4.87 4.40 3.61 2.57 ;4.57 4.94 4.97 4.64 3.99 3.06 1.90 0.62 -0.71 -1.99 -3.13 -4.05 -4.68 -4.98 -4.93 -4.53 -3.81 -2.82 -1.63 -0.33 1.00 2.25 3.35 4.21 4.77 5.00 4.87 4.40 3.61 2.57 ;4.57 4.94 4.97 4.64 3.99 3.06 1.90 0.62 -0.71 -1.99 -3.13 -4.05 -4.68 -4.98 -4.93 -4.53 -3.81 -2.82 -1.63 -0.33 1.00 2.25 3.35 4.21 4.77 5.00 4.87 4.40 3.61 2.57 ;4.57 4.94 4.97 4.64 3.99 3.06 1.90 0.62 -0.71 -1.99 -3.13 -4.05 -4.68 -4.98 -4.93 -4.53 -3.81 -2.82 -1.63 -0.33 1.00 2.25 3.35 4.21 4.77 5.00 4.87 4.40 3.61 2.57 ;4.57 4.94 4.97 4.64 3.99 3.06 1.90 0.62 -0.71 -1.99 -3.13 -4.05 -4.68 -4.98 -4.93 -4.53 -3.81 -2.82 -1.63 -0.33 1.00 2.25 3.35 4.21 4.77 5.00 4.87 4.40 3.61 2.57 ;4.57 4.94 4.97 4.64 3.99 3.06 1.90 0.62 -0.71 -1.99 -3.13 -4.05 -4.68 -4.98 -4.93 -4.53 -3.81 -2.82 -1.63 -0.33 1.00 2.25 3.35 4.21 4.77 5.00 4.87 4.40 3.61 2.57 ;4.57 4.94 4.97 4.64 3.99 3.06 1.90 0.62 -0.71 -1.99 -3.13 -4.05 -4.68 -4.98 -4.93 -4.53 -3.81 -2.82 -1.63 -0.33 1.00 2.25 3.35 4.21 4.77 5.00 4.87 4.40 3.61 2.57 ;];
