u64 = [4.01 4.66 4.97 4.94 4.55 3.85 2.87 1.69 0.39 -0.94 -2.20 -3.31 -4.18 -4.75 -4.99 -4.88 -4.42 -3.65 -2.62 -1.41 -0.10 1.23 2.46 3.52 4.33 4.84 5.00 4.81 4.28 3.45 ;4.01 4.66 4.97 4.94 4.55 3.85 2.87 1.69 0.39 -0.94 -2.20 -3.31 -4.18 -4.75 -4.99 -4.88 -4.42 -3.65 -2.62 -1.41 -0.10 1.23 2.46 3.52 4.33 4.84 5.00 4.81 4.28 3.45 ;4.01 4.66 4.97 4.94 4.55 3.85 2.87 1.69 0.39 -0.94 -2.20 -3.31 -4.18 -4.75 -4.99 -4.88 -4.42 -3.65 -2.62 -1.41 -0.10 1.23 2.46 3.52 4.33 4.84 5.00 4.81 4.28 3.45 ;4.01 4.66 4.97 4.94 4.55 3.85 2.87 1.69 0.39 -0.94 -2.20 -3.31 -4.18 -4.75 -4.99 -4.88 -4.42 -3.65 -2.62 -1.41 -0.10 1.23 2.46 3.52 4.33 4.84 5.00 4.81 4.28 3.45 ;4.01 4.66 4.97 4.94 4.55 3.85 2.87 1.69 0.39 -0.94 -2.20 -3.31 -4.18 -4.75 -4.99 -4.88 -4.42 -3.65 -2.62 -1.41 -0.10 1.23 2.46 3.52 4.33 4.84 5.00 4.81 4.28 3.45 ;4.01 4.66 4.97 4.94 4.55 3.85 2.87 1.69 0.39 -0.94 -2.20 -3.31 -4.18 -4.75 -4.99 -4.88 -4.42 -3.65 -2.62 -1.41 -0.10 1.23 2.46 3.52 4.33 4.84 5.00 4.81 4.28 3.45 ;4.01 4.66 4.97 4.94 4.55 3.85 2.87 1.69 0.39 -0.94 -2.20 -3.31 -4.18 -4.75 -4.99 -4.88 -4.42 -3.65 -2.62 -1.41 -0.10 1.23 2.46 3.52 4.33 4.84 5.00 4.81 4.28 3.45 ;4.01 4.66 4.97 4.94 4.55 3.85 2.87 1.69 0.39 -0.94 -2.20 -3.31 -4.18 -4.75 -4.99 -4.88 -4.42 -3.65 -2.62 -1.41 -0.10 1.23 2.46 3.52 4.33 4.84 5.00 4.81 4.28 3.45 ;4.01 4.66 4.97 4.94 4.55 3.85 2.87 1.69 0.39 -0.94 -2.20 -3.31 -4.18 -4.75 -4.99 -4.88 -4.42 -3.65 -2.62 -1.41 -0.10 1.23 2.46 3.52 4.33 4.84 5.00 4.81 4.28 3.45 ;4.01 4.66 4.97 4.94 4.55 3.85 2.87 1.69 0.39 -0.94 -2.20 -3.31 -4.18 -4.75 -4.99 -4.88 -4.42 -3.65 -2.62 -1.41 -0.10 1.23 2.46 3.52 4.33 4.84 5.00 4.81 4.28 3.45 ;4.01 4.66 4.97 4.94 4.55 3.85 2.87 1.69 0.39 -0.94 -2.20 -3.31 -4.18 -4.75 -4.99 -4.88 -4.42 -3.65 -2.62 -1.41 -0.10 1.23 2.46 3.52 4.33 4.84 5.00 4.81 4.28 3.45 ;4.01 4.66 4.97 4.94 4.55 3.85 2.87 1.69 0.39 -0.94 -2.20 -3.31 -4.18 -4.75 -4.99 -4.88 -4.42 -3.65 -2.62 -1.41 -0.10 1.23 2.46 3.52 4.33 4.84 5.00 4.81 4.28 3.45 ;4.01 4.66 4.97 4.94 4.55 3.85 2.87 1.69 0.39 -0.94 -2.20 -3.31 -4.18 -4.75 -4.99 -4.88 -4.42 -3.65 -2.62 -1.41 -0.10 1.23 2.46 3.52 4.33 4.84 5.00 4.81 4.28 3.45 ;4.01 4.66 4.97 4.94 4.55 3.85 2.87 1.69 0.39 -0.94 -2.20 -3.31 -4.18 -4.75 -4.99 -4.88 -4.42 -3.65 -2.62 -1.41 -0.10 1.23 2.46 3.52 4.33 4.84 5.00 4.81 4.28 3.45 ;4.01 4.66 4.97 4.94 4.55 3.85 2.87 1.69 0.39 -0.94 -2.20 -3.31 -4.18 -4.75 -4.99 -4.88 -4.42 -3.65 -2.62 -1.41 -0.10 1.23 2.46 3.52 4.33 4.84 5.00 4.81 4.28 3.45 ;4.01 4.66 4.97 4.94 4.55 3.85 2.87 1.69 0.39 -0.94 -2.20 -3.31 -4.18 -4.75 -4.99 -4.88 -4.42 -3.65 -2.62 -1.41 -0.10 1.23 2.46 3.52 4.33 4.84 5.00 4.81 4.28 3.45 ;4.01 4.66 4.97 4.94 4.55 3.85 2.87 1.69 0.39 -0.94 -2.20 -3.31 -4.18 -4.75 -4.99 -4.88 -4.42 -3.65 -2.62 -1.41 -0.10 1.23 2.46 3.52 4.33 4.84 5.00 4.81 4.28 3.45 ;4.01 4.66 4.97 4.94 4.55 3.85 2.87 1.69 0.39 -0.94 -2.20 -3.31 -4.18 -4.75 -4.99 -4.88 -4.42 -3.65 -2.62 -1.41 -0.10 1.23 2.46 3.52 4.33 4.84 5.00 4.81 4.28 3.45 ;4.01 4.66 4.97 4.94 4.55 3.85 2.87 1.69 0.39 -0.94 -2.20 -3.31 -4.18 -4.75 -4.99 -4.88 -4.42 -3.65 -2.62 -1.41 -0.10 1.23 2.46 3.52 4.33 4.84 5.00 4.81 4.28 3.45 ;4.01 4.66 4.97 4.94 4.55 3.85 2.87 1.69 0.39 -0.94 -2.20 -3.31 -4.18 -4.75 -4.99 -4.88 -4.42 -3.65 -2.62 -1.41 -0.10 1.23 2.46 3.52 4.33 4.84 5.00 4.81 4.28 3.45 ;4.01 4.66 4.97 4.94 4.55 3.85 2.87 1.69 0.39 -0.94 -2.20 -3.31 -4.18 -4.75 -4.99 -4.88 -4.42 -3.65 -2.62 -1.41 -0.10 1.23 2.46 3.52 4.33 4.84 5.00 4.81 4.28 3.45 ;4.01 4.66 4.97 4.94 4.55 3.85 2.87 1.69 0.39 -0.94 -2.20 -3.31 -4.18 -4.75 -4.99 -4.88 -4.42 -3.65 -2.62 -1.41 -0.10 1.23 2.46 3.52 4.33 4.84 5.00 4.81 4.28 3.45 ;4.01 4.66 4.97 4.94 4.55 3.85 2.87 1.69 0.39 -0.94 -2.20 -3.31 -4.18 -4.75 -4.99 -4.88 -4.42 -3.65 -2.62 -1.41 -0.10 1.23 2.46 3.52 4.33 4.84 5.00 4.81 4.28 3.45 ;4.01 4.66 4.97 4.94 4.55 3.85 2.87 1.69 0.39 -0.94 -2.20 -3.31 -4.18 -4.75 -4.99 -4.88 -4.42 -3.65 -2.62 -1.41 -0.10 1.23 2.46 3.52 4.33 4.84 5.00 4.81 4.28 3.45 ;4.01 4.66 4.97 4.94 4.55 3.85 2.87 1.69 0.39 -0.94 -2.20 -3.31 -4.18 -4.75 -4.99 -4.88 -4.42 -3.65 -2.62 -1.41 -0.10 1.23 2.46 3.52 4.33 4.84 5.00 4.81 4.28 3.45 ;4.01 4.66 4.97 4.94 4.55 3.85 2.87 1.69 0.39 -0.94 -2.20 -3.31 -4.18 -4.75 -4.99 -4.88 -4.42 -3.65 -2.62 -1.41 -0.10 1.23 2.46 3.52 4.33 4.84 5.00 4.81 4.28 3.45 ;4.01 4.66 4.97 4.94 4.55 3.85 2.87 1.69 0.39 -0.94 -2.20 -3.31 -4.18 -4.75 -4.99 -4.88 -4.42 -3.65 -2.62 -1.41 -0.10 1.23 2.46 3.52 4.33 4.84 5.00 4.81 4.28 3.45 ;4.01 4.66 4.97 4.94 4.55 3.85 2.87 1.69 0.39 -0.94 -2.20 -3.31 -4.18 -4.75 -4.99 -4.88 -4.42 -3.65 -2.62 -1.41 -0.10 1.23 2.46 3.52 4.33 4.84 5.00 4.81 4.28 3.45 ;4.01 4.66 4.97 4.94 4.55 3.85 2.87 1.69 0.39 -0.94 -2.20 -3.31 -4.18 -4.75 -4.99 -4.88 -4.42 -3.65 -2.62 -1.41 -0.10 1.23 2.46 3.52 4.33 4.84 5.00 4.81 4.28 3.45 ;4.01 4.66 4.97 4.94 4.55 3.85 2.87 1.69 0.39 -0.94 -2.20 -3.31 -4.18 -4.75 -4.99 -4.88 -4.42 -3.65 -2.62 -1.41 -0.10 1.23 2.46 3.52 4.33 4.84 5.00 4.81 4.28 3.45 ;];
