u7 = [4.99 4.90 4.47 3.73 2.72 1.51 0.20 -1.12 -2.36 -3.44 -4.28 -4.81 -5.00 -4.84 -4.33 -3.52 -2.47 -1.23 0.09 1.40 2.62 3.65 4.42 4.88 4.99 4.76 4.18 3.31 2.21 0.95 ;4.99 4.67 4.16 3.27 2.18 0.92 -0.41 -1.71 -2.88 -3.85 -4.55 -4.92 -4.95 -4.64 -3.98 -3.06 -1.91 -0.62 0.70 1.97 3.11 4.03 4.66 4.96 4.92 4.52 3.80 2.82 1.64 0.95 ;4.99 4.67 4.15 3.27 2.17 0.91 -0.42 -1.72 -2.89 -3.86 -4.56 -4.93 -4.95 -4.63 -3.98 -3.05 -1.90 -0.62 0.71 1.98 3.12 4.04 4.66 4.96 4.92 4.52 3.80 2.81 1.63 0.95 ;4.99 4.67 4.15 3.27 2.17 0.91 -0.42 -1.72 -2.89 -3.86 -4.56 -4.93 -4.95 -4.63 -3.98 -3.05 -1.90 -0.62 0.71 1.98 3.12 4.04 4.66 4.96 4.92 4.52 3.80 2.81 1.63 0.95 ;4.99 4.67 4.15 3.27 2.17 0.91 -0.42 -1.72 -2.89 -3.86 -4.56 -4.93 -4.95 -4.63 -3.98 -3.05 -1.90 -0.62 0.71 1.98 3.12 4.04 4.66 4.96 4.92 4.52 3.80 2.81 1.63 0.95 ;4.99 4.67 4.15 3.27 2.17 0.91 -0.42 -1.72 -2.89 -3.86 -4.56 -4.93 -4.95 -4.63 -3.98 -3.05 -1.90 -0.62 0.71 1.98 3.12 4.04 4.66 4.96 4.92 4.52 3.80 2.81 1.63 0.95 ;4.99 4.67 4.15 3.27 2.17 0.91 -0.42 -1.72 -2.89 -3.86 -4.56 -4.93 -4.95 -4.63 -3.98 -3.05 -1.90 -0.62 0.71 1.98 3.12 4.04 4.66 4.96 4.92 4.52 3.80 2.81 1.63 0.95 ;4.99 4.67 4.15 3.27 2.17 0.91 -0.42 -1.72 -2.89 -3.86 -4.56 -4.93 -4.95 -4.63 -3.98 -3.05 -1.90 -0.62 0.71 1.98 3.12 4.04 4.66 4.96 4.92 4.52 3.80 2.81 1.63 0.95 ;4.99 4.67 4.15 3.27 2.17 0.91 -0.42 -1.72 -2.89 -3.86 -4.56 -4.93 -4.95 -4.63 -3.98 -3.05 -1.90 -0.62 0.71 1.98 3.12 4.04 4.66 4.96 4.92 4.52 3.80 2.81 1.63 0.95 ;4.99 4.67 4.15 3.27 2.17 0.91 -0.42 -1.72 -2.89 -3.86 -4.56 -4.93 -4.95 -4.63 -3.98 -3.05 -1.90 -0.62 0.71 1.98 3.12 4.04 4.66 4.96 4.92 4.52 3.80 2.81 1.63 0.95 ;4.99 4.67 4.15 3.27 2.17 0.91 -0.42 -1.72 -2.89 -3.86 -4.56 -4.93 -4.95 -4.63 -3.98 -3.05 -1.90 -0.62 0.71 1.98 3.12 4.04 4.66 4.96 4.92 4.52 3.80 2.81 1.63 0.95 ;4.99 4.67 4.15 3.27 2.17 0.91 -0.42 -1.72 -2.89 -3.86 -4.56 -4.93 -4.95 -4.63 -3.98 -3.05 -1.90 -0.62 0.71 1.98 3.12 4.04 4.66 4.96 4.92 4.52 3.80 2.81 1.63 0.95 ;4.99 4.67 4.15 3.27 2.17 0.91 -0.42 -1.72 -2.89 -3.86 -4.56 -4.93 -4.95 -4.63 -3.98 -3.05 -1.90 -0.62 0.71 1.98 3.12 4.04 4.66 4.96 4.92 4.52 3.80 2.81 1.63 0.95 ;4.99 4.67 4.15 3.27 2.17 0.91 -0.42 -1.72 -2.89 -3.86 -4.56 -4.93 -4.95 -4.63 -3.98 -3.05 -1.90 -0.62 0.71 1.98 3.12 4.04 4.66 4.96 4.92 4.52 3.80 2.81 1.63 0.95 ;4.99 4.67 4.15 3.27 2.17 0.91 -0.42 -1.72 -2.89 -3.86 -4.56 -4.93 -4.95 -4.63 -3.98 -3.05 -1.90 -0.62 0.71 1.98 3.12 4.04 4.66 4.96 4.92 4.52 3.80 2.81 1.63 0.95 ;4.99 4.67 4.15 3.27 2.17 0.91 -0.42 -1.72 -2.89 -3.86 -4.56 -4.93 -4.95 -4.63 -3.98 -3.05 -1.90 -0.62 0.71 1.98 3.12 4.04 4.66 4.96 4.92 4.52 3.80 2.81 1.63 0.95 ;4.99 4.67 4.15 3.27 2.17 0.91 -0.42 -1.72 -2.89 -3.86 -4.56 -4.93 -4.95 -4.63 -3.98 -3.05 -1.90 -0.62 0.71 1.98 3.12 4.04 4.66 4.96 4.92 4.52 3.80 2.81 1.63 0.95 ;4.99 4.67 4.15 3.27 2.17 0.91 -0.42 -1.72 -2.89 -3.86 -4.56 -4.93 -4.95 -4.63 -3.98 -3.05 -1.90 -0.62 0.71 1.98 3.12 4.04 4.66 4.96 4.92 4.52 3.80 2.81 1.63 0.95 ;4.99 4.67 4.15 3.27 2.17 0.91 -0.42 -1.72 -2.89 -3.86 -4.56 -4.93 -4.95 -4.63 -3.98 -3.05 -1.90 -0.62 0.71 1.98 3.12 4.04 4.66 4.96 4.92 4.52 3.80 2.81 1.63 0.95 ;4.99 4.67 4.15 3.27 2.17 0.91 -0.42 -1.72 -2.89 -3.86 -4.56 -4.93 -4.95 -4.63 -3.98 -3.05 -1.90 -0.62 0.71 1.98 3.12 4.04 4.66 4.96 4.92 4.52 3.80 2.81 1.63 0.95 ;4.99 4.67 4.15 3.27 2.17 0.91 -0.42 -1.72 -2.89 -3.86 -4.56 -4.93 -4.95 -4.63 -3.98 -3.05 -1.90 -0.62 0.71 1.98 3.12 4.04 4.66 4.96 4.92 4.52 3.80 2.81 1.63 0.95 ;4.99 4.67 4.15 3.27 2.17 0.91 -0.42 -1.72 -2.89 -3.86 -4.56 -4.93 -4.95 -4.63 -3.98 -3.05 -1.90 -0.62 0.71 1.98 3.12 4.04 4.66 4.96 4.92 4.52 3.80 2.81 1.63 0.95 ;4.99 4.67 4.15 3.27 2.17 0.91 -0.42 -1.72 -2.89 -3.86 -4.56 -4.93 -4.95 -4.63 -3.98 -3.05 -1.90 -0.62 0.71 1.98 3.12 4.04 4.66 4.96 4.92 4.52 3.80 2.81 1.63 0.95 ;4.99 4.67 4.15 3.27 2.17 0.91 -0.42 -1.72 -2.89 -3.86 -4.56 -4.93 -4.95 -4.63 -3.98 -3.05 -1.90 -0.62 0.71 1.98 3.12 4.04 4.66 4.96 4.92 4.52 3.80 2.81 1.63 0.95 ;4.99 4.67 4.15 3.27 2.17 0.91 -0.42 -1.72 -2.89 -3.86 -4.56 -4.93 -4.95 -4.63 -3.98 -3.05 -1.90 -0.62 0.71 1.98 3.12 4.04 4.66 4.96 4.92 4.52 3.80 2.81 1.63 0.95 ;4.99 4.67 4.15 3.27 2.17 0.91 -0.42 -1.72 -2.89 -3.86 -4.56 -4.93 -4.95 -4.63 -3.98 -3.05 -1.90 -0.62 0.71 1.98 3.12 4.04 4.66 4.96 4.92 4.52 3.80 2.81 1.63 0.95 ;4.99 4.67 4.15 3.27 2.17 0.91 -0.42 -1.72 -2.89 -3.86 -4.56 -4.93 -4.95 -4.63 -3.98 -3.05 -1.90 -0.62 0.71 1.98 3.12 4.04 4.66 4.96 4.92 4.52 3.80 2.81 1.63 0.95 ;4.99 4.67 4.15 3.27 2.17 0.91 -0.42 -1.72 -2.89 -3.86 -4.56 -4.93 -4.95 -4.63 -3.98 -3.05 -1.90 -0.62 0.71 1.98 3.12 4.04 4.66 4.96 4.92 4.52 3.80 2.81 1.63 0.95 ;4.99 4.67 4.16 3.27 2.18 0.92 -0.41 -1.71 -2.88 -3.85 -4.55 -4.92 -4.95 -4.64 -3.98 -3.06 -1.91 -0.62 0.70 1.97 3.11 4.03 4.66 4.96 4.92 4.52 3.80 2.82 1.64 0.95 ;4.99 4.90 4.47 3.73 2.72 1.51 0.20 -1.12 -2.36 -3.44 -4.28 -4.81 -5.00 -4.84 -4.33 -3.52 -2.47 -1.23 0.09 1.40 2.62 3.65 4.42 4.88 4.99 4.76 4.18 3.31 2.21 0.95 ;];
