u99 = [2.74 3.75 4.49 4.91 4.99 4.71 4.10 3.20 2.07 0.80 -0.53 -1.82 -2.98 -3.93 -4.61 -4.96 -4.95 -4.60 -3.92 -2.97 -1.80 -0.51 0.82 2.09 3.21 4.11 4.71 4.99 4.91 4.48 ;2.74 3.75 4.49 4.91 4.99 4.71 4.10 3.20 2.07 0.80 -0.53 -1.82 -2.98 -3.93 -4.61 -4.96 -4.95 -4.60 -3.92 -2.97 -1.80 -0.51 0.82 2.09 3.21 4.11 4.71 4.99 4.91 4.48 ;2.74 3.75 4.49 4.91 4.99 4.71 4.10 3.20 2.07 0.80 -0.53 -1.82 -2.98 -3.93 -4.61 -4.96 -4.95 -4.60 -3.92 -2.97 -1.80 -0.51 0.82 2.09 3.21 4.11 4.71 4.99 4.91 4.48 ;2.74 3.75 4.49 4.91 4.99 4.71 4.10 3.20 2.07 0.80 -0.53 -1.82 -2.98 -3.93 -4.61 -4.96 -4.95 -4.60 -3.92 -2.97 -1.80 -0.51 0.82 2.09 3.21 4.11 4.71 4.99 4.91 4.48 ;2.74 3.75 4.49 4.91 4.99 4.71 4.10 3.20 2.07 0.80 -0.53 -1.82 -2.98 -3.93 -4.61 -4.96 -4.95 -4.60 -3.92 -2.97 -1.80 -0.51 0.82 2.09 3.21 4.11 4.71 4.99 4.91 4.48 ;2.74 3.75 4.49 4.91 4.99 4.71 4.10 3.20 2.07 0.80 -0.53 -1.82 -2.98 -3.93 -4.61 -4.96 -4.95 -4.60 -3.92 -2.97 -1.80 -0.51 0.82 2.09 3.21 4.11 4.71 4.99 4.91 4.48 ;2.74 3.75 4.49 4.91 4.99 4.71 4.10 3.20 2.07 0.80 -0.53 -1.82 -2.98 -3.93 -4.61 -4.96 -4.95 -4.60 -3.92 -2.97 -1.80 -0.51 0.82 2.09 3.21 4.11 4.71 4.99 4.91 4.48 ;2.74 3.75 4.49 4.91 4.99 4.71 4.10 3.20 2.07 0.80 -0.53 -1.82 -2.98 -3.93 -4.61 -4.96 -4.95 -4.60 -3.92 -2.97 -1.80 -0.51 0.82 2.09 3.21 4.11 4.71 4.99 4.91 4.48 ;2.74 3.75 4.49 4.91 4.99 4.71 4.10 3.20 2.07 0.80 -0.53 -1.82 -2.98 -3.93 -4.61 -4.96 -4.95 -4.60 -3.92 -2.97 -1.80 -0.51 0.82 2.09 3.21 4.11 4.71 4.99 4.91 4.48 ;2.74 3.75 4.49 4.91 4.99 4.71 4.10 3.20 2.07 0.80 -0.53 -1.82 -2.98 -3.93 -4.61 -4.96 -4.95 -4.60 -3.92 -2.97 -1.80 -0.51 0.82 2.09 3.21 4.11 4.71 4.99 4.91 4.48 ;2.74 3.75 4.49 4.91 4.99 4.71 4.10 3.20 2.07 0.80 -0.53 -1.82 -2.98 -3.93 -4.61 -4.96 -4.95 -4.60 -3.92 -2.97 -1.80 -0.51 0.82 2.09 3.21 4.11 4.71 4.99 4.91 4.48 ;2.74 3.75 4.49 4.91 4.99 4.71 4.10 3.20 2.07 0.80 -0.53 -1.82 -2.98 -3.93 -4.61 -4.96 -4.95 -4.60 -3.92 -2.97 -1.80 -0.51 0.82 2.09 3.21 4.11 4.71 4.99 4.91 4.48 ;2.74 3.75 4.49 4.91 4.99 4.71 4.10 3.20 2.07 0.80 -0.53 -1.82 -2.98 -3.93 -4.61 -4.96 -4.95 -4.60 -3.92 -2.97 -1.80 -0.51 0.82 2.09 3.21 4.11 4.71 4.99 4.91 4.48 ;2.74 3.75 4.49 4.91 4.99 4.71 4.10 3.20 2.07 0.80 -0.53 -1.82 -2.98 -3.93 -4.61 -4.96 -4.95 -4.60 -3.92 -2.97 -1.80 -0.51 0.82 2.09 3.21 4.11 4.71 4.99 4.91 4.48 ;2.74 3.75 4.49 4.91 4.99 4.71 4.10 3.20 2.07 0.80 -0.53 -1.82 -2.98 -3.93 -4.61 -4.96 -4.95 -4.60 -3.92 -2.97 -1.80 -0.51 0.82 2.09 3.21 4.11 4.71 4.99 4.91 4.48 ;2.74 3.75 4.49 4.91 4.99 4.71 4.10 3.20 2.07 0.80 -0.53 -1.82 -2.98 -3.93 -4.61 -4.96 -4.95 -4.60 -3.92 -2.97 -1.80 -0.51 0.82 2.09 3.21 4.11 4.71 4.99 4.91 4.48 ;2.74 3.75 4.49 4.91 4.99 4.71 4.10 3.20 2.07 0.80 -0.53 -1.82 -2.98 -3.93 -4.61 -4.96 -4.95 -4.60 -3.92 -2.97 -1.80 -0.51 0.82 2.09 3.21 4.11 4.71 4.99 4.91 4.48 ;2.74 3.75 4.49 4.91 4.99 4.71 4.10 3.20 2.07 0.80 -0.53 -1.82 -2.98 -3.93 -4.61 -4.96 -4.95 -4.60 -3.92 -2.97 -1.80 -0.51 0.82 2.09 3.21 4.11 4.71 4.99 4.91 4.48 ;2.74 3.75 4.49 4.91 4.99 4.71 4.10 3.20 2.07 0.80 -0.53 -1.82 -2.98 -3.93 -4.61 -4.96 -4.95 -4.60 -3.92 -2.97 -1.80 -0.51 0.82 2.09 3.21 4.11 4.71 4.99 4.91 4.48 ;2.74 3.75 4.49 4.91 4.99 4.71 4.10 3.20 2.07 0.80 -0.53 -1.82 -2.98 -3.93 -4.61 -4.96 -4.95 -4.60 -3.92 -2.97 -1.80 -0.51 0.82 2.09 3.21 4.11 4.71 4.99 4.91 4.48 ;2.74 3.75 4.49 4.91 4.99 4.71 4.10 3.20 2.07 0.80 -0.53 -1.82 -2.98 -3.93 -4.61 -4.96 -4.95 -4.60 -3.92 -2.97 -1.80 -0.51 0.82 2.09 3.21 4.11 4.71 4.99 4.91 4.48 ;2.74 3.75 4.49 4.91 4.99 4.71 4.10 3.20 2.07 0.80 -0.53 -1.82 -2.98 -3.93 -4.61 -4.96 -4.95 -4.60 -3.92 -2.97 -1.80 -0.51 0.82 2.09 3.21 4.11 4.71 4.99 4.91 4.48 ;2.74 3.75 4.49 4.91 4.99 4.71 4.10 3.20 2.07 0.80 -0.53 -1.82 -2.98 -3.93 -4.61 -4.96 -4.95 -4.60 -3.92 -2.97 -1.80 -0.51 0.82 2.09 3.21 4.11 4.71 4.99 4.91 4.48 ;2.74 3.75 4.49 4.91 4.99 4.71 4.10 3.20 2.07 0.80 -0.53 -1.82 -2.98 -3.93 -4.61 -4.96 -4.95 -4.60 -3.92 -2.97 -1.80 -0.51 0.82 2.09 3.21 4.11 4.71 4.99 4.91 4.48 ;2.74 3.75 4.49 4.91 4.99 4.71 4.10 3.20 2.07 0.80 -0.53 -1.82 -2.98 -3.93 -4.61 -4.96 -4.95 -4.60 -3.92 -2.97 -1.80 -0.51 0.82 2.09 3.21 4.11 4.71 4.99 4.91 4.48 ;2.74 3.75 4.49 4.91 4.99 4.71 4.10 3.20 2.07 0.80 -0.53 -1.82 -2.98 -3.93 -4.61 -4.96 -4.95 -4.60 -3.92 -2.97 -1.80 -0.51 0.82 2.09 3.21 4.11 4.71 4.99 4.91 4.48 ;2.74 3.75 4.49 4.91 4.99 4.71 4.10 3.20 2.07 0.80 -0.53 -1.82 -2.98 -3.93 -4.61 -4.96 -4.95 -4.60 -3.92 -2.97 -1.80 -0.51 0.82 2.09 3.21 4.11 4.71 4.99 4.91 4.48 ;2.74 3.75 4.49 4.91 4.99 4.71 4.10 3.20 2.07 0.80 -0.53 -1.82 -2.98 -3.93 -4.61 -4.96 -4.95 -4.60 -3.92 -2.97 -1.80 -0.51 0.82 2.09 3.21 4.11 4.71 4.99 4.91 4.48 ;2.74 3.75 4.49 4.91 4.99 4.71 4.10 3.20 2.07 0.80 -0.53 -1.82 -2.98 -3.93 -4.61 -4.96 -4.95 -4.60 -3.92 -2.97 -1.80 -0.51 0.82 2.09 3.21 4.11 4.71 4.99 4.91 4.48 ;2.74 3.75 4.49 4.91 4.99 4.71 4.10 3.20 2.07 0.80 -0.53 -1.82 -2.98 -3.93 -4.61 -4.96 -4.95 -4.60 -3.92 -2.97 -1.80 -0.51 0.82 2.09 3.21 4.11 4.71 4.99 4.91 4.48 ;];
