u82 = [3.41 4.25 4.80 5.00 4.85 4.36 3.55 2.50 1.27 -0.05 -1.36 -2.58 -3.62 -4.40 -4.87 -5.00 -4.77 -4.20 -3.34 -2.25 -0.99 0.34 1.64 2.83 3.81 4.53 4.93 4.98 4.67 4.04 ;3.41 4.25 4.80 5.00 4.85 4.36 3.55 2.50 1.27 -0.05 -1.36 -2.58 -3.62 -4.40 -4.87 -5.00 -4.77 -4.20 -3.34 -2.25 -0.99 0.34 1.64 2.83 3.81 4.53 4.93 4.98 4.67 4.04 ;3.41 4.25 4.80 5.00 4.85 4.36 3.55 2.50 1.27 -0.05 -1.36 -2.58 -3.62 -4.40 -4.87 -5.00 -4.77 -4.20 -3.34 -2.25 -0.99 0.34 1.64 2.83 3.81 4.53 4.93 4.98 4.67 4.04 ;3.41 4.25 4.80 5.00 4.85 4.36 3.55 2.50 1.27 -0.05 -1.36 -2.58 -3.62 -4.40 -4.87 -5.00 -4.77 -4.20 -3.34 -2.25 -0.99 0.34 1.64 2.83 3.81 4.53 4.93 4.98 4.67 4.04 ;3.41 4.25 4.80 5.00 4.85 4.36 3.55 2.50 1.27 -0.05 -1.36 -2.58 -3.62 -4.40 -4.87 -5.00 -4.77 -4.20 -3.34 -2.25 -0.99 0.34 1.64 2.83 3.81 4.53 4.93 4.98 4.67 4.04 ;3.41 4.25 4.80 5.00 4.85 4.36 3.55 2.50 1.27 -0.05 -1.36 -2.58 -3.62 -4.40 -4.87 -5.00 -4.77 -4.20 -3.34 -2.25 -0.99 0.34 1.64 2.83 3.81 4.53 4.93 4.98 4.67 4.04 ;3.41 4.25 4.80 5.00 4.85 4.36 3.55 2.50 1.27 -0.05 -1.36 -2.58 -3.62 -4.40 -4.87 -5.00 -4.77 -4.20 -3.34 -2.25 -0.99 0.34 1.64 2.83 3.81 4.53 4.93 4.98 4.67 4.04 ;3.41 4.25 4.80 5.00 4.85 4.36 3.55 2.50 1.27 -0.05 -1.36 -2.58 -3.62 -4.40 -4.87 -5.00 -4.77 -4.20 -3.34 -2.25 -0.99 0.34 1.64 2.83 3.81 4.53 4.93 4.98 4.67 4.04 ;3.41 4.25 4.80 5.00 4.85 4.36 3.55 2.50 1.27 -0.05 -1.36 -2.58 -3.62 -4.40 -4.87 -5.00 -4.77 -4.20 -3.34 -2.25 -0.99 0.34 1.64 2.83 3.81 4.53 4.93 4.98 4.67 4.04 ;3.41 4.25 4.80 5.00 4.85 4.36 3.55 2.50 1.27 -0.05 -1.36 -2.58 -3.62 -4.40 -4.87 -5.00 -4.77 -4.20 -3.34 -2.25 -0.99 0.34 1.64 2.83 3.81 4.53 4.93 4.98 4.67 4.04 ;3.41 4.25 4.80 5.00 4.85 4.36 3.55 2.50 1.27 -0.05 -1.36 -2.58 -3.62 -4.40 -4.87 -5.00 -4.77 -4.20 -3.34 -2.25 -0.99 0.34 1.64 2.83 3.81 4.53 4.93 4.98 4.67 4.04 ;3.41 4.25 4.80 5.00 4.85 4.36 3.55 2.50 1.27 -0.05 -1.36 -2.58 -3.62 -4.40 -4.87 -5.00 -4.77 -4.20 -3.34 -2.25 -0.99 0.34 1.64 2.83 3.81 4.53 4.93 4.98 4.67 4.04 ;3.41 4.25 4.80 5.00 4.85 4.36 3.55 2.50 1.27 -0.05 -1.36 -2.58 -3.62 -4.40 -4.87 -5.00 -4.77 -4.20 -3.34 -2.25 -0.99 0.34 1.64 2.83 3.81 4.53 4.93 4.98 4.67 4.04 ;3.41 4.25 4.80 5.00 4.85 4.36 3.55 2.50 1.27 -0.05 -1.36 -2.58 -3.62 -4.40 -4.87 -5.00 -4.77 -4.20 -3.34 -2.25 -0.99 0.34 1.64 2.83 3.81 4.53 4.93 4.98 4.67 4.04 ;3.41 4.25 4.80 5.00 4.85 4.36 3.55 2.50 1.27 -0.05 -1.36 -2.58 -3.62 -4.40 -4.87 -5.00 -4.77 -4.20 -3.34 -2.25 -0.99 0.34 1.64 2.83 3.81 4.53 4.93 4.98 4.67 4.04 ;3.41 4.25 4.80 5.00 4.85 4.36 3.55 2.50 1.27 -0.05 -1.36 -2.58 -3.62 -4.40 -4.87 -5.00 -4.77 -4.20 -3.34 -2.25 -0.99 0.34 1.64 2.83 3.81 4.53 4.93 4.98 4.67 4.04 ;3.41 4.25 4.80 5.00 4.85 4.36 3.55 2.50 1.27 -0.05 -1.36 -2.58 -3.62 -4.40 -4.87 -5.00 -4.77 -4.20 -3.34 -2.25 -0.99 0.34 1.64 2.83 3.81 4.53 4.93 4.98 4.67 4.04 ;3.41 4.25 4.80 5.00 4.85 4.36 3.55 2.50 1.27 -0.05 -1.36 -2.58 -3.62 -4.40 -4.87 -5.00 -4.77 -4.20 -3.34 -2.25 -0.99 0.34 1.64 2.83 3.81 4.53 4.93 4.98 4.67 4.04 ;3.41 4.25 4.80 5.00 4.85 4.36 3.55 2.50 1.27 -0.05 -1.36 -2.58 -3.62 -4.40 -4.87 -5.00 -4.77 -4.20 -3.34 -2.25 -0.99 0.34 1.64 2.83 3.81 4.53 4.93 4.98 4.67 4.04 ;3.41 4.25 4.80 5.00 4.85 4.36 3.55 2.50 1.27 -0.05 -1.36 -2.58 -3.62 -4.40 -4.87 -5.00 -4.77 -4.20 -3.34 -2.25 -0.99 0.34 1.64 2.83 3.81 4.53 4.93 4.98 4.67 4.04 ;3.41 4.25 4.80 5.00 4.85 4.36 3.55 2.50 1.27 -0.05 -1.36 -2.58 -3.62 -4.40 -4.87 -5.00 -4.77 -4.20 -3.34 -2.25 -0.99 0.34 1.64 2.83 3.81 4.53 4.93 4.98 4.67 4.04 ;3.41 4.25 4.80 5.00 4.85 4.36 3.55 2.50 1.27 -0.05 -1.36 -2.58 -3.62 -4.40 -4.87 -5.00 -4.77 -4.20 -3.34 -2.25 -0.99 0.34 1.64 2.83 3.81 4.53 4.93 4.98 4.67 4.04 ;3.41 4.25 4.80 5.00 4.85 4.36 3.55 2.50 1.27 -0.05 -1.36 -2.58 -3.62 -4.40 -4.87 -5.00 -4.77 -4.20 -3.34 -2.25 -0.99 0.34 1.64 2.83 3.81 4.53 4.93 4.98 4.67 4.04 ;3.41 4.25 4.80 5.00 4.85 4.36 3.55 2.50 1.27 -0.05 -1.36 -2.58 -3.62 -4.40 -4.87 -5.00 -4.77 -4.20 -3.34 -2.25 -0.99 0.34 1.64 2.83 3.81 4.53 4.93 4.98 4.67 4.04 ;3.41 4.25 4.80 5.00 4.85 4.36 3.55 2.50 1.27 -0.05 -1.36 -2.58 -3.62 -4.40 -4.87 -5.00 -4.77 -4.20 -3.34 -2.25 -0.99 0.34 1.64 2.83 3.81 4.53 4.93 4.98 4.67 4.04 ;3.41 4.25 4.80 5.00 4.85 4.36 3.55 2.50 1.27 -0.05 -1.36 -2.58 -3.62 -4.40 -4.87 -5.00 -4.77 -4.20 -3.34 -2.25 -0.99 0.34 1.64 2.83 3.81 4.53 4.93 4.98 4.67 4.04 ;3.41 4.25 4.80 5.00 4.85 4.36 3.55 2.50 1.27 -0.05 -1.36 -2.58 -3.62 -4.40 -4.87 -5.00 -4.77 -4.20 -3.34 -2.25 -0.99 0.34 1.64 2.83 3.81 4.53 4.93 4.98 4.67 4.04 ;3.41 4.25 4.80 5.00 4.85 4.36 3.55 2.50 1.27 -0.05 -1.36 -2.58 -3.62 -4.40 -4.87 -5.00 -4.77 -4.20 -3.34 -2.25 -0.99 0.34 1.64 2.83 3.81 4.53 4.93 4.98 4.67 4.04 ;3.41 4.25 4.80 5.00 4.85 4.36 3.55 2.50 1.27 -0.05 -1.36 -2.58 -3.62 -4.40 -4.87 -5.00 -4.77 -4.20 -3.34 -2.25 -0.99 0.34 1.64 2.83 3.81 4.53 4.93 4.98 4.67 4.04 ;3.41 4.25 4.80 5.00 4.85 4.36 3.55 2.50 1.27 -0.05 -1.36 -2.58 -3.62 -4.40 -4.87 -5.00 -4.77 -4.20 -3.34 -2.25 -0.99 0.34 1.64 2.83 3.81 4.53 4.93 4.98 4.67 4.04 ;];
