u54 = [4.29 4.81 5.00 4.83 4.32 3.51 2.44 1.21 -0.11 -1.43 -2.64 -3.66 -4.43 -4.88 -4.99 -4.75 -4.17 -3.29 -2.19 -0.92 0.40 1.70 2.88 3.86 4.56 4.94 4.97 4.65 4.00 3.07 ;4.29 4.81 5.00 4.83 4.32 3.51 2.44 1.21 -0.11 -1.43 -2.64 -3.66 -4.43 -4.88 -4.99 -4.75 -4.17 -3.29 -2.19 -0.92 0.40 1.70 2.88 3.86 4.56 4.94 4.97 4.65 4.00 3.07 ;4.29 4.81 5.00 4.83 4.32 3.51 2.44 1.21 -0.11 -1.43 -2.64 -3.66 -4.43 -4.88 -4.99 -4.75 -4.17 -3.29 -2.19 -0.92 0.40 1.70 2.88 3.86 4.56 4.94 4.97 4.65 4.00 3.07 ;4.29 4.81 5.00 4.83 4.32 3.51 2.44 1.21 -0.11 -1.43 -2.64 -3.66 -4.43 -4.88 -4.99 -4.75 -4.17 -3.29 -2.19 -0.92 0.40 1.70 2.88 3.86 4.56 4.94 4.97 4.65 4.00 3.07 ;4.29 4.81 5.00 4.83 4.32 3.51 2.44 1.21 -0.11 -1.43 -2.64 -3.66 -4.43 -4.88 -4.99 -4.75 -4.17 -3.29 -2.19 -0.92 0.40 1.70 2.88 3.86 4.56 4.94 4.97 4.65 4.00 3.07 ;4.29 4.81 5.00 4.83 4.32 3.51 2.44 1.21 -0.11 -1.43 -2.64 -3.66 -4.43 -4.88 -4.99 -4.75 -4.17 -3.29 -2.19 -0.92 0.40 1.70 2.88 3.86 4.56 4.94 4.97 4.65 4.00 3.07 ;4.29 4.81 5.00 4.83 4.32 3.51 2.44 1.21 -0.11 -1.43 -2.64 -3.66 -4.43 -4.88 -4.99 -4.75 -4.17 -3.29 -2.19 -0.92 0.40 1.70 2.88 3.86 4.56 4.94 4.97 4.65 4.00 3.07 ;4.29 4.81 5.00 4.83 4.32 3.51 2.44 1.21 -0.11 -1.43 -2.64 -3.66 -4.43 -4.88 -4.99 -4.75 -4.17 -3.29 -2.19 -0.92 0.40 1.70 2.88 3.86 4.56 4.94 4.97 4.65 4.00 3.07 ;4.29 4.81 5.00 4.83 4.32 3.51 2.44 1.21 -0.11 -1.43 -2.64 -3.66 -4.43 -4.88 -4.99 -4.75 -4.17 -3.29 -2.19 -0.92 0.40 1.70 2.88 3.86 4.56 4.94 4.97 4.65 4.00 3.07 ;4.29 4.81 5.00 4.83 4.32 3.51 2.44 1.21 -0.11 -1.43 -2.64 -3.66 -4.43 -4.88 -4.99 -4.75 -4.17 -3.29 -2.19 -0.92 0.40 1.70 2.88 3.86 4.56 4.94 4.97 4.65 4.00 3.07 ;4.29 4.81 5.00 4.83 4.32 3.51 2.44 1.21 -0.11 -1.43 -2.64 -3.66 -4.43 -4.88 -4.99 -4.75 -4.17 -3.29 -2.19 -0.92 0.40 1.70 2.88 3.86 4.56 4.94 4.97 4.65 4.00 3.07 ;4.29 4.81 5.00 4.83 4.32 3.51 2.44 1.21 -0.11 -1.43 -2.64 -3.66 -4.43 -4.88 -4.99 -4.75 -4.17 -3.29 -2.19 -0.92 0.40 1.70 2.88 3.86 4.56 4.94 4.97 4.65 4.00 3.07 ;4.29 4.81 5.00 4.83 4.32 3.51 2.44 1.21 -0.11 -1.43 -2.64 -3.66 -4.43 -4.88 -4.99 -4.75 -4.17 -3.29 -2.19 -0.92 0.40 1.70 2.88 3.86 4.56 4.94 4.97 4.65 4.00 3.07 ;4.29 4.81 5.00 4.83 4.32 3.51 2.44 1.21 -0.11 -1.43 -2.64 -3.66 -4.43 -4.88 -4.99 -4.75 -4.17 -3.29 -2.19 -0.92 0.40 1.70 2.88 3.86 4.56 4.94 4.97 4.65 4.00 3.07 ;4.29 4.81 5.00 4.83 4.32 3.51 2.44 1.21 -0.11 -1.43 -2.64 -3.66 -4.43 -4.88 -4.99 -4.75 -4.17 -3.29 -2.19 -0.92 0.40 1.70 2.88 3.86 4.56 4.94 4.97 4.65 4.00 3.07 ;4.29 4.81 5.00 4.83 4.32 3.51 2.44 1.21 -0.11 -1.43 -2.64 -3.66 -4.43 -4.88 -4.99 -4.75 -4.17 -3.29 -2.19 -0.92 0.40 1.70 2.88 3.86 4.56 4.94 4.97 4.65 4.00 3.07 ;4.29 4.81 5.00 4.83 4.32 3.51 2.44 1.21 -0.11 -1.43 -2.64 -3.66 -4.43 -4.88 -4.99 -4.75 -4.17 -3.29 -2.19 -0.92 0.40 1.70 2.88 3.86 4.56 4.94 4.97 4.65 4.00 3.07 ;4.29 4.81 5.00 4.83 4.32 3.51 2.44 1.21 -0.11 -1.43 -2.64 -3.66 -4.43 -4.88 -4.99 -4.75 -4.17 -3.29 -2.19 -0.92 0.40 1.70 2.88 3.86 4.56 4.94 4.97 4.65 4.00 3.07 ;4.29 4.81 5.00 4.83 4.32 3.51 2.44 1.21 -0.11 -1.43 -2.64 -3.66 -4.43 -4.88 -4.99 -4.75 -4.17 -3.29 -2.19 -0.92 0.40 1.70 2.88 3.86 4.56 4.94 4.97 4.65 4.00 3.07 ;4.29 4.81 5.00 4.83 4.32 3.51 2.44 1.21 -0.11 -1.43 -2.64 -3.66 -4.43 -4.88 -4.99 -4.75 -4.17 -3.29 -2.19 -0.92 0.40 1.70 2.88 3.86 4.56 4.94 4.97 4.65 4.00 3.07 ;4.29 4.81 5.00 4.83 4.32 3.51 2.44 1.21 -0.11 -1.43 -2.64 -3.66 -4.43 -4.88 -4.99 -4.75 -4.17 -3.29 -2.19 -0.92 0.40 1.70 2.88 3.86 4.56 4.94 4.97 4.65 4.00 3.07 ;4.29 4.81 5.00 4.83 4.32 3.51 2.44 1.21 -0.11 -1.43 -2.64 -3.66 -4.43 -4.88 -4.99 -4.75 -4.17 -3.29 -2.19 -0.92 0.40 1.70 2.88 3.86 4.56 4.94 4.97 4.65 4.00 3.07 ;4.29 4.81 5.00 4.83 4.32 3.51 2.44 1.21 -0.11 -1.43 -2.64 -3.66 -4.43 -4.88 -4.99 -4.75 -4.17 -3.29 -2.19 -0.92 0.40 1.70 2.88 3.86 4.56 4.94 4.97 4.65 4.00 3.07 ;4.29 4.81 5.00 4.83 4.32 3.51 2.44 1.21 -0.11 -1.43 -2.64 -3.66 -4.43 -4.88 -4.99 -4.75 -4.17 -3.29 -2.19 -0.92 0.40 1.70 2.88 3.86 4.56 4.94 4.97 4.65 4.00 3.07 ;4.29 4.81 5.00 4.83 4.32 3.51 2.44 1.21 -0.11 -1.43 -2.64 -3.66 -4.43 -4.88 -4.99 -4.75 -4.17 -3.29 -2.19 -0.92 0.40 1.70 2.88 3.86 4.56 4.94 4.97 4.65 4.00 3.07 ;4.29 4.81 5.00 4.83 4.32 3.51 2.44 1.21 -0.11 -1.43 -2.64 -3.66 -4.43 -4.88 -4.99 -4.75 -4.17 -3.29 -2.19 -0.92 0.40 1.70 2.88 3.86 4.56 4.94 4.97 4.65 4.00 3.07 ;4.29 4.81 5.00 4.83 4.32 3.51 2.44 1.21 -0.11 -1.43 -2.64 -3.66 -4.43 -4.88 -4.99 -4.75 -4.17 -3.29 -2.19 -0.92 0.40 1.70 2.88 3.86 4.56 4.94 4.97 4.65 4.00 3.07 ;4.29 4.81 5.00 4.83 4.32 3.51 2.44 1.21 -0.11 -1.43 -2.64 -3.66 -4.43 -4.88 -4.99 -4.75 -4.17 -3.29 -2.19 -0.92 0.40 1.70 2.88 3.86 4.56 4.94 4.97 4.65 4.00 3.07 ;4.29 4.81 5.00 4.83 4.32 3.51 2.44 1.21 -0.11 -1.43 -2.64 -3.66 -4.43 -4.88 -4.99 -4.75 -4.17 -3.29 -2.19 -0.92 0.40 1.70 2.88 3.86 4.56 4.94 4.97 4.65 4.00 3.07 ;4.29 4.81 5.00 4.83 4.32 3.51 2.44 1.21 -0.11 -1.43 -2.64 -3.66 -4.43 -4.88 -4.99 -4.75 -4.17 -3.29 -2.19 -0.92 0.40 1.70 2.88 3.86 4.56 4.94 4.97 4.65 4.00 3.07 ;];
