u78 = [3.55 4.36 4.85 5.00 4.80 4.25 3.41 2.33 1.08 -0.25 -1.55 -2.75 -3.75 -4.49 -4.91 -4.98 -4.71 -4.09 -3.19 -2.06 -0.79 0.54 1.83 2.99 3.94 4.61 4.96 4.95 4.60 3.92 ;3.55 4.36 4.85 5.00 4.80 4.25 3.41 2.33 1.08 -0.25 -1.55 -2.75 -3.75 -4.49 -4.91 -4.98 -4.71 -4.09 -3.19 -2.06 -0.79 0.54 1.83 2.99 3.94 4.61 4.96 4.95 4.60 3.92 ;3.55 4.36 4.85 5.00 4.80 4.25 3.41 2.33 1.08 -0.25 -1.55 -2.75 -3.75 -4.49 -4.91 -4.98 -4.71 -4.09 -3.19 -2.06 -0.79 0.54 1.83 2.99 3.94 4.61 4.96 4.95 4.60 3.92 ;3.55 4.36 4.85 5.00 4.80 4.25 3.41 2.33 1.08 -0.25 -1.55 -2.75 -3.75 -4.49 -4.91 -4.98 -4.71 -4.09 -3.19 -2.06 -0.79 0.54 1.83 2.99 3.94 4.61 4.96 4.95 4.60 3.92 ;3.55 4.36 4.85 5.00 4.80 4.25 3.41 2.33 1.08 -0.25 -1.55 -2.75 -3.75 -4.49 -4.91 -4.98 -4.71 -4.09 -3.19 -2.06 -0.79 0.54 1.83 2.99 3.94 4.61 4.96 4.95 4.60 3.92 ;3.55 4.36 4.85 5.00 4.80 4.25 3.41 2.33 1.08 -0.25 -1.55 -2.75 -3.75 -4.49 -4.91 -4.98 -4.71 -4.09 -3.19 -2.06 -0.79 0.54 1.83 2.99 3.94 4.61 4.96 4.95 4.60 3.92 ;3.55 4.36 4.85 5.00 4.80 4.25 3.41 2.33 1.08 -0.25 -1.55 -2.75 -3.75 -4.49 -4.91 -4.98 -4.71 -4.09 -3.19 -2.06 -0.79 0.54 1.83 2.99 3.94 4.61 4.96 4.95 4.60 3.92 ;3.55 4.36 4.85 5.00 4.80 4.25 3.41 2.33 1.08 -0.25 -1.55 -2.75 -3.75 -4.49 -4.91 -4.98 -4.71 -4.09 -3.19 -2.06 -0.79 0.54 1.83 2.99 3.94 4.61 4.96 4.95 4.60 3.92 ;3.55 4.36 4.85 5.00 4.80 4.25 3.41 2.33 1.08 -0.25 -1.55 -2.75 -3.75 -4.49 -4.91 -4.98 -4.71 -4.09 -3.19 -2.06 -0.79 0.54 1.83 2.99 3.94 4.61 4.96 4.95 4.60 3.92 ;3.55 4.36 4.85 5.00 4.80 4.25 3.41 2.33 1.08 -0.25 -1.55 -2.75 -3.75 -4.49 -4.91 -4.98 -4.71 -4.09 -3.19 -2.06 -0.79 0.54 1.83 2.99 3.94 4.61 4.96 4.95 4.60 3.92 ;3.55 4.36 4.85 5.00 4.80 4.25 3.41 2.33 1.08 -0.25 -1.55 -2.75 -3.75 -4.49 -4.91 -4.98 -4.71 -4.09 -3.19 -2.06 -0.79 0.54 1.83 2.99 3.94 4.61 4.96 4.95 4.60 3.92 ;3.55 4.36 4.85 5.00 4.80 4.25 3.41 2.33 1.08 -0.25 -1.55 -2.75 -3.75 -4.49 -4.91 -4.98 -4.71 -4.09 -3.19 -2.06 -0.79 0.54 1.83 2.99 3.94 4.61 4.96 4.95 4.60 3.92 ;3.55 4.36 4.85 5.00 4.80 4.25 3.41 2.33 1.08 -0.25 -1.55 -2.75 -3.75 -4.49 -4.91 -4.98 -4.71 -4.09 -3.19 -2.06 -0.79 0.54 1.83 2.99 3.94 4.61 4.96 4.95 4.60 3.92 ;3.55 4.36 4.85 5.00 4.80 4.25 3.41 2.33 1.08 -0.25 -1.55 -2.75 -3.75 -4.49 -4.91 -4.98 -4.71 -4.09 -3.19 -2.06 -0.79 0.54 1.83 2.99 3.94 4.61 4.96 4.95 4.60 3.92 ;3.55 4.36 4.85 5.00 4.80 4.25 3.41 2.33 1.08 -0.25 -1.55 -2.75 -3.75 -4.49 -4.91 -4.98 -4.71 -4.09 -3.19 -2.06 -0.79 0.54 1.83 2.99 3.94 4.61 4.96 4.95 4.60 3.92 ;3.55 4.36 4.85 5.00 4.80 4.25 3.41 2.33 1.08 -0.25 -1.55 -2.75 -3.75 -4.49 -4.91 -4.98 -4.71 -4.09 -3.19 -2.06 -0.79 0.54 1.83 2.99 3.94 4.61 4.96 4.95 4.60 3.92 ;3.55 4.36 4.85 5.00 4.80 4.25 3.41 2.33 1.08 -0.25 -1.55 -2.75 -3.75 -4.49 -4.91 -4.98 -4.71 -4.09 -3.19 -2.06 -0.79 0.54 1.83 2.99 3.94 4.61 4.96 4.95 4.60 3.92 ;3.55 4.36 4.85 5.00 4.80 4.25 3.41 2.33 1.08 -0.25 -1.55 -2.75 -3.75 -4.49 -4.91 -4.98 -4.71 -4.09 -3.19 -2.06 -0.79 0.54 1.83 2.99 3.94 4.61 4.96 4.95 4.60 3.92 ;3.55 4.36 4.85 5.00 4.80 4.25 3.41 2.33 1.08 -0.25 -1.55 -2.75 -3.75 -4.49 -4.91 -4.98 -4.71 -4.09 -3.19 -2.06 -0.79 0.54 1.83 2.99 3.94 4.61 4.96 4.95 4.60 3.92 ;3.55 4.36 4.85 5.00 4.80 4.25 3.41 2.33 1.08 -0.25 -1.55 -2.75 -3.75 -4.49 -4.91 -4.98 -4.71 -4.09 -3.19 -2.06 -0.79 0.54 1.83 2.99 3.94 4.61 4.96 4.95 4.60 3.92 ;3.55 4.36 4.85 5.00 4.80 4.25 3.41 2.33 1.08 -0.25 -1.55 -2.75 -3.75 -4.49 -4.91 -4.98 -4.71 -4.09 -3.19 -2.06 -0.79 0.54 1.83 2.99 3.94 4.61 4.96 4.95 4.60 3.92 ;3.55 4.36 4.85 5.00 4.80 4.25 3.41 2.33 1.08 -0.25 -1.55 -2.75 -3.75 -4.49 -4.91 -4.98 -4.71 -4.09 -3.19 -2.06 -0.79 0.54 1.83 2.99 3.94 4.61 4.96 4.95 4.60 3.92 ;3.55 4.36 4.85 5.00 4.80 4.25 3.41 2.33 1.08 -0.25 -1.55 -2.75 -3.75 -4.49 -4.91 -4.98 -4.71 -4.09 -3.19 -2.06 -0.79 0.54 1.83 2.99 3.94 4.61 4.96 4.95 4.60 3.92 ;3.55 4.36 4.85 5.00 4.80 4.25 3.41 2.33 1.08 -0.25 -1.55 -2.75 -3.75 -4.49 -4.91 -4.98 -4.71 -4.09 -3.19 -2.06 -0.79 0.54 1.83 2.99 3.94 4.61 4.96 4.95 4.60 3.92 ;3.55 4.36 4.85 5.00 4.80 4.25 3.41 2.33 1.08 -0.25 -1.55 -2.75 -3.75 -4.49 -4.91 -4.98 -4.71 -4.09 -3.19 -2.06 -0.79 0.54 1.83 2.99 3.94 4.61 4.96 4.95 4.60 3.92 ;3.55 4.36 4.85 5.00 4.80 4.25 3.41 2.33 1.08 -0.25 -1.55 -2.75 -3.75 -4.49 -4.91 -4.98 -4.71 -4.09 -3.19 -2.06 -0.79 0.54 1.83 2.99 3.94 4.61 4.96 4.95 4.60 3.92 ;3.55 4.36 4.85 5.00 4.80 4.25 3.41 2.33 1.08 -0.25 -1.55 -2.75 -3.75 -4.49 -4.91 -4.98 -4.71 -4.09 -3.19 -2.06 -0.79 0.54 1.83 2.99 3.94 4.61 4.96 4.95 4.60 3.92 ;3.55 4.36 4.85 5.00 4.80 4.25 3.41 2.33 1.08 -0.25 -1.55 -2.75 -3.75 -4.49 -4.91 -4.98 -4.71 -4.09 -3.19 -2.06 -0.79 0.54 1.83 2.99 3.94 4.61 4.96 4.95 4.60 3.92 ;3.55 4.36 4.85 5.00 4.80 4.25 3.41 2.33 1.08 -0.25 -1.55 -2.75 -3.75 -4.49 -4.91 -4.98 -4.71 -4.09 -3.19 -2.06 -0.79 0.54 1.83 2.99 3.94 4.61 4.96 4.95 4.60 3.92 ;3.55 4.36 4.85 5.00 4.80 4.25 3.41 2.33 1.08 -0.25 -1.55 -2.75 -3.75 -4.49 -4.91 -4.98 -4.71 -4.09 -3.19 -2.06 -0.79 0.54 1.83 2.99 3.94 4.61 4.96 4.95 4.60 3.92 ;];
