u = [-1.05 -2.87 -4.24 -4.94 -4.85 -4.01 -2.52 -0.64 1.34 3.11 4.39 4.98 4.78 3.82 2.27 0.35 -1.62 -3.33 -4.52 -5.00 ;-1.05 -2.87 -4.24 -4.94 -4.85 -4.01 -2.52 -0.64 1.34 3.11 4.39 4.98 4.78 3.82 2.27 0.35 -1.62 -3.33 -4.52 -5.00 ;-1.05 -2.87 -4.24 -4.94 -4.85 -4.01 -2.52 -0.64 1.34 3.11 4.39 4.98 4.78 3.82 2.27 0.35 -1.62 -3.33 -4.52 -5.00 ;-1.05 -2.87 -4.24 -4.94 -4.85 -4.01 -2.52 -0.64 1.34 3.11 4.39 4.98 4.78 3.82 2.27 0.35 -1.62 -3.33 -4.52 -5.00 ;-1.05 -2.87 -4.24 -4.94 -4.85 -4.01 -2.52 -0.64 1.34 3.11 4.39 4.98 4.78 3.82 2.27 0.35 -1.62 -3.33 -4.52 -5.00 ;-1.05 -2.87 -4.24 -4.94 -4.85 -4.01 -2.52 -0.64 1.34 3.11 4.39 4.98 4.78 3.82 2.27 0.35 -1.62 -3.33 -4.52 -5.00 ;-1.05 -2.87 -4.24 -4.94 -4.85 -4.01 -2.52 -0.64 1.34 3.11 4.39 4.98 4.78 3.82 2.27 0.35 -1.62 -3.33 -4.52 -5.00 ;-1.05 -2.87 -4.24 -4.94 -4.85 -4.01 -2.52 -0.64 1.34 3.11 4.39 4.98 4.78 3.82 2.27 0.35 -1.62 -3.33 -4.52 -5.00 ;-1.05 -2.87 -4.24 -4.94 -4.85 -4.01 -2.52 -0.64 1.34 3.11 4.39 4.98 4.78 3.82 2.27 0.35 -1.62 -3.33 -4.52 -5.00 ;-1.05 -2.87 -4.24 -4.94 -4.85 -4.01 -2.52 -0.64 1.34 3.11 4.39 4.98 4.78 3.82 2.27 0.35 -1.62 -3.33 -4.52 -5.00 ;-1.05 -2.87 -4.24 -4.94 -4.85 -4.01 -2.52 -0.64 1.34 3.11 4.39 4.98 4.78 3.82 2.27 0.35 -1.62 -3.33 -4.52 -5.00 ;-1.05 -2.87 -4.24 -4.94 -4.85 -4.01 -2.52 -0.64 1.34 3.11 4.39 4.98 4.78 3.82 2.27 0.35 -1.62 -3.33 -4.52 -5.00 ;-1.05 -2.87 -4.24 -4.94 -4.85 -4.01 -2.52 -0.64 1.34 3.11 4.39 4.98 4.78 3.82 2.27 0.35 -1.62 -3.33 -4.52 -5.00 ;-1.05 -2.87 -4.24 -4.94 -4.85 -4.01 -2.52 -0.64 1.34 3.11 4.39 4.98 4.78 3.82 2.27 0.35 -1.62 -3.33 -4.52 -5.00 ;-1.05 -2.87 -4.24 -4.94 -4.85 -4.01 -2.52 -0.64 1.34 3.11 4.39 4.98 4.78 3.82 2.27 0.35 -1.62 -3.33 -4.52 -5.00 ;-1.05 -2.87 -4.24 -4.94 -4.85 -4.01 -2.52 -0.64 1.34 3.11 4.39 4.98 4.78 3.82 2.27 0.35 -1.62 -3.33 -4.52 -5.00 ;-1.05 -2.87 -4.24 -4.94 -4.85 -4.01 -2.52 -0.64 1.34 3.11 4.39 4.98 4.78 3.82 2.27 0.35 -1.62 -3.33 -4.52 -5.00 ;-1.05 -2.87 -4.24 -4.94 -4.85 -4.01 -2.52 -0.64 1.34 3.11 4.39 4.98 4.78 3.82 2.27 0.35 -1.62 -3.33 -4.52 -5.00 ;-1.05 -2.87 -4.24 -4.94 -4.85 -4.01 -2.52 -0.64 1.34 3.11 4.39 4.98 4.78 3.82 2.27 0.35 -1.62 -3.33 -4.52 -5.00 ;-1.05 -2.87 -4.24 -4.94 -4.85 -4.01 -2.52 -0.64 1.34 3.11 4.39 4.98 4.78 3.82 2.27 0.35 -1.62 -3.33 -4.52 -5.00 ;];
v = [-0.84 -2.30 -3.39 -3.95 -3.88 -3.20 -2.02 -0.52 1.07 2.49 3.51 3.98 3.82 3.06 1.81 0.28 -1.29 -2.67 -3.62 -4.00 ;-0.84 -2.30 -3.39 -3.95 -3.88 -3.20 -2.02 -0.52 1.07 2.49 3.51 3.98 3.82 3.06 1.81 0.28 -1.29 -2.67 -3.62 -4.00 ;-0.84 -2.30 -3.39 -3.95 -3.88 -3.20 -2.02 -0.52 1.07 2.49 3.51 3.98 3.82 3.06 1.81 0.28 -1.29 -2.67 -3.62 -4.00 ;-0.84 -2.30 -3.39 -3.95 -3.88 -3.20 -2.02 -0.52 1.07 2.49 3.51 3.98 3.82 3.06 1.81 0.28 -1.29 -2.67 -3.62 -4.00 ;-0.84 -2.30 -3.39 -3.95 -3.88 -3.20 -2.02 -0.52 1.07 2.49 3.51 3.98 3.82 3.06 1.81 0.28 -1.29 -2.67 -3.62 -4.00 ;-0.84 -2.30 -3.39 -3.95 -3.88 -3.20 -2.02 -0.52 1.07 2.49 3.51 3.98 3.82 3.06 1.81 0.28 -1.29 -2.67 -3.62 -4.00 ;-0.84 -2.30 -3.39 -3.95 -3.88 -3.20 -2.02 -0.52 1.07 2.49 3.51 3.98 3.82 3.06 1.81 0.28 -1.29 -2.67 -3.62 -4.00 ;-0.84 -2.30 -3.39 -3.95 -3.88 -3.20 -2.02 -0.52 1.07 2.49 3.51 3.98 3.82 3.06 1.81 0.28 -1.29 -2.67 -3.62 -4.00 ;-0.84 -2.30 -3.39 -3.95 -3.88 -3.20 -2.02 -0.52 1.07 2.49 3.51 3.98 3.82 3.06 1.81 0.28 -1.29 -2.67 -3.62 -4.00 ;-0.84 -2.30 -3.39 -3.95 -3.88 -3.20 -2.02 -0.52 1.07 2.49 3.51 3.98 3.82 3.06 1.81 0.28 -1.29 -2.67 -3.62 -4.00 ;-0.84 -2.30 -3.39 -3.95 -3.88 -3.20 -2.02 -0.52 1.07 2.49 3.51 3.98 3.82 3.06 1.81 0.28 -1.29 -2.67 -3.62 -4.00 ;-0.84 -2.30 -3.39 -3.95 -3.88 -3.20 -2.02 -0.52 1.07 2.49 3.51 3.98 3.82 3.06 1.81 0.28 -1.29 -2.67 -3.62 -4.00 ;-0.84 -2.30 -3.39 -3.95 -3.88 -3.20 -2.02 -0.52 1.07 2.49 3.51 3.98 3.82 3.06 1.81 0.28 -1.29 -2.67 -3.62 -4.00 ;-0.84 -2.30 -3.39 -3.95 -3.88 -3.20 -2.02 -0.52 1.07 2.49 3.51 3.98 3.82 3.06 1.81 0.28 -1.29 -2.67 -3.62 -4.00 ;-0.84 -2.30 -3.39 -3.95 -3.88 -3.20 -2.02 -0.52 1.07 2.49 3.51 3.98 3.82 3.06 1.81 0.28 -1.29 -2.67 -3.62 -4.00 ;-0.84 -2.30 -3.39 -3.95 -3.88 -3.20 -2.02 -0.52 1.07 2.49 3.51 3.98 3.82 3.06 1.81 0.28 -1.29 -2.67 -3.62 -4.00 ;-0.84 -2.30 -3.39 -3.95 -3.88 -3.20 -2.02 -0.52 1.07 2.49 3.51 3.98 3.82 3.06 1.81 0.28 -1.29 -2.67 -3.62 -4.00 ;-0.84 -2.30 -3.39 -3.95 -3.88 -3.20 -2.02 -0.52 1.07 2.49 3.51 3.98 3.82 3.06 1.81 0.28 -1.29 -2.67 -3.62 -4.00 ;-0.84 -2.30 -3.39 -3.95 -3.88 -3.20 -2.02 -0.52 1.07 2.49 3.51 3.98 3.82 3.06 1.81 0.28 -1.29 -2.67 -3.62 -4.00 ;-0.84 -2.30 -3.39 -3.95 -3.88 -3.20 -2.02 -0.52 1.07 2.49 3.51 3.98 3.82 3.06 1.81 0.28 -1.29 -2.67 -3.62 -4.00 ;];
x = [0.00 0.05 0.10 0.15 0.20 0.25 0.30 0.35 0.40 0.45 0.50 0.55 0.60 0.65 0.70 0.75 0.80 0.85 0.90 0.95 ;0.00 0.05 0.10 0.15 0.20 0.25 0.30 0.35 0.40 0.45 0.50 0.55 0.60 0.65 0.70 0.75 0.80 0.85 0.90 0.95 ;0.00 0.05 0.10 0.15 0.20 0.25 0.30 0.35 0.40 0.45 0.50 0.55 0.60 0.65 0.70 0.75 0.80 0.85 0.90 0.95 ;0.00 0.05 0.10 0.15 0.20 0.25 0.30 0.35 0.40 0.45 0.50 0.55 0.60 0.65 0.70 0.75 0.80 0.85 0.90 0.95 ;0.00 0.05 0.10 0.15 0.20 0.25 0.30 0.35 0.40 0.45 0.50 0.55 0.60 0.65 0.70 0.75 0.80 0.85 0.90 0.95 ;0.00 0.05 0.10 0.15 0.20 0.25 0.30 0.35 0.40 0.45 0.50 0.55 0.60 0.65 0.70 0.75 0.80 0.85 0.90 0.95 ;0.00 0.05 0.10 0.15 0.20 0.25 0.30 0.35 0.40 0.45 0.50 0.55 0.60 0.65 0.70 0.75 0.80 0.85 0.90 0.95 ;0.00 0.05 0.10 0.15 0.20 0.25 0.30 0.35 0.40 0.45 0.50 0.55 0.60 0.65 0.70 0.75 0.80 0.85 0.90 0.95 ;0.00 0.05 0.10 0.15 0.20 0.25 0.30 0.35 0.40 0.45 0.50 0.55 0.60 0.65 0.70 0.75 0.80 0.85 0.90 0.95 ;0.00 0.05 0.10 0.15 0.20 0.25 0.30 0.35 0.40 0.45 0.50 0.55 0.60 0.65 0.70 0.75 0.80 0.85 0.90 0.95 ;0.00 0.05 0.10 0.15 0.20 0.25 0.30 0.35 0.40 0.45 0.50 0.55 0.60 0.65 0.70 0.75 0.80 0.85 0.90 0.95 ;0.00 0.05 0.10 0.15 0.20 0.25 0.30 0.35 0.40 0.45 0.50 0.55 0.60 0.65 0.70 0.75 0.80 0.85 0.90 0.95 ;0.00 0.05 0.10 0.15 0.20 0.25 0.30 0.35 0.40 0.45 0.50 0.55 0.60 0.65 0.70 0.75 0.80 0.85 0.90 0.95 ;0.00 0.05 0.10 0.15 0.20 0.25 0.30 0.35 0.40 0.45 0.50 0.55 0.60 0.65 0.70 0.75 0.80 0.85 0.90 0.95 ;0.00 0.05 0.10 0.15 0.20 0.25 0.30 0.35 0.40 0.45 0.50 0.55 0.60 0.65 0.70 0.75 0.80 0.85 0.90 0.95 ;0.00 0.05 0.10 0.15 0.20 0.25 0.30 0.35 0.40 0.45 0.50 0.55 0.60 0.65 0.70 0.75 0.80 0.85 0.90 0.95 ;0.00 0.05 0.10 0.15 0.20 0.25 0.30 0.35 0.40 0.45 0.50 0.55 0.60 0.65 0.70 0.75 0.80 0.85 0.90 0.95 ;0.00 0.05 0.10 0.15 0.20 0.25 0.30 0.35 0.40 0.45 0.50 0.55 0.60 0.65 0.70 0.75 0.80 0.85 0.90 0.95 ;0.00 0.05 0.10 0.15 0.20 0.25 0.30 0.35 0.40 0.45 0.50 0.55 0.60 0.65 0.70 0.75 0.80 0.85 0.90 0.95 ;0.00 0.05 0.10 0.15 0.20 0.25 0.30 0.35 0.40 0.45 0.50 0.55 0.60 0.65 0.70 0.75 0.80 0.85 0.90 0.95 ;];
