u55 = [4.26 4.80 5.00 4.84 4.35 3.54 2.49 1.26 -0.06 -1.38 -2.60 -3.63 -4.41 -4.87 -5.00 -4.76 -4.20 -3.33 -2.23 -0.97 0.35 1.66 2.84 3.82 4.54 4.93 4.97 4.67 4.03 3.11 ;4.26 4.80 5.00 4.84 4.35 3.54 2.49 1.26 -0.06 -1.38 -2.60 -3.63 -4.41 -4.87 -5.00 -4.76 -4.20 -3.33 -2.23 -0.97 0.35 1.66 2.84 3.82 4.54 4.93 4.97 4.67 4.03 3.11 ;4.26 4.80 5.00 4.84 4.35 3.54 2.49 1.26 -0.06 -1.38 -2.60 -3.63 -4.41 -4.87 -5.00 -4.76 -4.20 -3.33 -2.23 -0.97 0.35 1.66 2.84 3.82 4.54 4.93 4.97 4.67 4.03 3.11 ;4.26 4.80 5.00 4.84 4.35 3.54 2.49 1.26 -0.06 -1.38 -2.60 -3.63 -4.41 -4.87 -5.00 -4.76 -4.20 -3.33 -2.23 -0.97 0.35 1.66 2.84 3.82 4.54 4.93 4.97 4.67 4.03 3.11 ;4.26 4.80 5.00 4.84 4.35 3.54 2.49 1.26 -0.06 -1.38 -2.60 -3.63 -4.41 -4.87 -5.00 -4.76 -4.20 -3.33 -2.23 -0.97 0.35 1.66 2.84 3.82 4.54 4.93 4.97 4.67 4.03 3.11 ;4.26 4.80 5.00 4.84 4.35 3.54 2.49 1.26 -0.06 -1.38 -2.60 -3.63 -4.41 -4.87 -5.00 -4.76 -4.20 -3.33 -2.23 -0.97 0.35 1.66 2.84 3.82 4.54 4.93 4.97 4.67 4.03 3.11 ;4.26 4.80 5.00 4.84 4.35 3.54 2.49 1.26 -0.06 -1.38 -2.60 -3.63 -4.41 -4.87 -5.00 -4.76 -4.20 -3.33 -2.23 -0.97 0.35 1.66 2.84 3.82 4.54 4.93 4.97 4.67 4.03 3.11 ;4.26 4.80 5.00 4.84 4.35 3.54 2.49 1.26 -0.06 -1.38 -2.60 -3.63 -4.41 -4.87 -5.00 -4.76 -4.20 -3.33 -2.23 -0.97 0.35 1.66 2.84 3.82 4.54 4.93 4.97 4.67 4.03 3.11 ;4.26 4.80 5.00 4.84 4.35 3.54 2.49 1.26 -0.06 -1.38 -2.60 -3.63 -4.41 -4.87 -5.00 -4.76 -4.20 -3.33 -2.23 -0.97 0.35 1.66 2.84 3.82 4.54 4.93 4.97 4.67 4.03 3.11 ;4.26 4.80 5.00 4.84 4.35 3.54 2.49 1.26 -0.06 -1.38 -2.60 -3.63 -4.41 -4.87 -5.00 -4.76 -4.20 -3.33 -2.23 -0.97 0.35 1.66 2.84 3.82 4.54 4.93 4.97 4.67 4.03 3.11 ;4.26 4.80 5.00 4.84 4.35 3.54 2.49 1.26 -0.06 -1.38 -2.60 -3.63 -4.41 -4.87 -5.00 -4.76 -4.20 -3.33 -2.23 -0.97 0.35 1.66 2.84 3.82 4.54 4.93 4.97 4.67 4.03 3.11 ;4.26 4.80 5.00 4.84 4.35 3.54 2.49 1.26 -0.06 -1.38 -2.60 -3.63 -4.41 -4.87 -5.00 -4.76 -4.20 -3.33 -2.23 -0.97 0.35 1.66 2.84 3.82 4.54 4.93 4.97 4.67 4.03 3.11 ;4.26 4.80 5.00 4.84 4.35 3.54 2.49 1.26 -0.06 -1.38 -2.60 -3.63 -4.41 -4.87 -5.00 -4.76 -4.20 -3.33 -2.23 -0.97 0.35 1.66 2.84 3.82 4.54 4.93 4.97 4.67 4.03 3.11 ;4.26 4.80 5.00 4.84 4.35 3.54 2.49 1.26 -0.06 -1.38 -2.60 -3.63 -4.41 -4.87 -5.00 -4.76 -4.20 -3.33 -2.23 -0.97 0.35 1.66 2.84 3.82 4.54 4.93 4.97 4.67 4.03 3.11 ;4.26 4.80 5.00 4.84 4.35 3.54 2.49 1.26 -0.06 -1.38 -2.60 -3.63 -4.41 -4.87 -5.00 -4.76 -4.20 -3.33 -2.23 -0.97 0.35 1.66 2.84 3.82 4.54 4.93 4.97 4.67 4.03 3.11 ;4.26 4.80 5.00 4.84 4.35 3.54 2.49 1.26 -0.06 -1.38 -2.60 -3.63 -4.41 -4.87 -5.00 -4.76 -4.20 -3.33 -2.23 -0.97 0.35 1.66 2.84 3.82 4.54 4.93 4.97 4.67 4.03 3.11 ;4.26 4.80 5.00 4.84 4.35 3.54 2.49 1.26 -0.06 -1.38 -2.60 -3.63 -4.41 -4.87 -5.00 -4.76 -4.20 -3.33 -2.23 -0.97 0.35 1.66 2.84 3.82 4.54 4.93 4.97 4.67 4.03 3.11 ;4.26 4.80 5.00 4.84 4.35 3.54 2.49 1.26 -0.06 -1.38 -2.60 -3.63 -4.41 -4.87 -5.00 -4.76 -4.20 -3.33 -2.23 -0.97 0.35 1.66 2.84 3.82 4.54 4.93 4.97 4.67 4.03 3.11 ;4.26 4.80 5.00 4.84 4.35 3.54 2.49 1.26 -0.06 -1.38 -2.60 -3.63 -4.41 -4.87 -5.00 -4.76 -4.20 -3.33 -2.23 -0.97 0.35 1.66 2.84 3.82 4.54 4.93 4.97 4.67 4.03 3.11 ;4.26 4.80 5.00 4.84 4.35 3.54 2.49 1.26 -0.06 -1.38 -2.60 -3.63 -4.41 -4.87 -5.00 -4.76 -4.20 -3.33 -2.23 -0.97 0.35 1.66 2.84 3.82 4.54 4.93 4.97 4.67 4.03 3.11 ;4.26 4.80 5.00 4.84 4.35 3.54 2.49 1.26 -0.06 -1.38 -2.60 -3.63 -4.41 -4.87 -5.00 -4.76 -4.20 -3.33 -2.23 -0.97 0.35 1.66 2.84 3.82 4.54 4.93 4.97 4.67 4.03 3.11 ;4.26 4.80 5.00 4.84 4.35 3.54 2.49 1.26 -0.06 -1.38 -2.60 -3.63 -4.41 -4.87 -5.00 -4.76 -4.20 -3.33 -2.23 -0.97 0.35 1.66 2.84 3.82 4.54 4.93 4.97 4.67 4.03 3.11 ;4.26 4.80 5.00 4.84 4.35 3.54 2.49 1.26 -0.06 -1.38 -2.60 -3.63 -4.41 -4.87 -5.00 -4.76 -4.20 -3.33 -2.23 -0.97 0.35 1.66 2.84 3.82 4.54 4.93 4.97 4.67 4.03 3.11 ;4.26 4.80 5.00 4.84 4.35 3.54 2.49 1.26 -0.06 -1.38 -2.60 -3.63 -4.41 -4.87 -5.00 -4.76 -4.20 -3.33 -2.23 -0.97 0.35 1.66 2.84 3.82 4.54 4.93 4.97 4.67 4.03 3.11 ;4.26 4.80 5.00 4.84 4.35 3.54 2.49 1.26 -0.06 -1.38 -2.60 -3.63 -4.41 -4.87 -5.00 -4.76 -4.20 -3.33 -2.23 -0.97 0.35 1.66 2.84 3.82 4.54 4.93 4.97 4.67 4.03 3.11 ;4.26 4.80 5.00 4.84 4.35 3.54 2.49 1.26 -0.06 -1.38 -2.60 -3.63 -4.41 -4.87 -5.00 -4.76 -4.20 -3.33 -2.23 -0.97 0.35 1.66 2.84 3.82 4.54 4.93 4.97 4.67 4.03 3.11 ;4.26 4.80 5.00 4.84 4.35 3.54 2.49 1.26 -0.06 -1.38 -2.60 -3.63 -4.41 -4.87 -5.00 -4.76 -4.20 -3.33 -2.23 -0.97 0.35 1.66 2.84 3.82 4.54 4.93 4.97 4.67 4.03 3.11 ;4.26 4.80 5.00 4.84 4.35 3.54 2.49 1.26 -0.06 -1.38 -2.60 -3.63 -4.41 -4.87 -5.00 -4.76 -4.20 -3.33 -2.23 -0.97 0.35 1.66 2.84 3.82 4.54 4.93 4.97 4.67 4.03 3.11 ;4.26 4.80 5.00 4.84 4.35 3.54 2.49 1.26 -0.06 -1.38 -2.60 -3.63 -4.41 -4.87 -5.00 -4.76 -4.20 -3.33 -2.23 -0.97 0.35 1.66 2.84 3.82 4.54 4.93 4.97 4.67 4.03 3.11 ;4.26 4.80 5.00 4.84 4.35 3.54 2.49 1.26 -0.06 -1.38 -2.60 -3.63 -4.41 -4.87 -5.00 -4.76 -4.20 -3.33 -2.23 -0.97 0.35 1.66 2.84 3.82 4.54 4.93 4.97 4.67 4.03 3.11 ;];
