u26 = [4.83 5.00 4.81 4.29 3.46 2.39 1.14 -0.18 -1.49 -2.69 -3.71 -4.46 -4.90 -4.99 -4.73 -4.13 -3.24 -2.13 -0.86 0.47 1.77 2.94 3.90 4.59 4.95 4.96 4.62 3.96 3.02 1.86 ;4.83 5.00 4.81 4.29 3.46 2.39 1.14 -0.18 -1.49 -2.69 -3.71 -4.46 -4.90 -4.99 -4.73 -4.13 -3.24 -2.13 -0.86 0.47 1.77 2.94 3.90 4.59 4.95 4.96 4.62 3.96 3.02 1.86 ;4.83 5.00 4.81 4.29 3.46 2.39 1.14 -0.18 -1.49 -2.69 -3.71 -4.46 -4.90 -4.99 -4.73 -4.13 -3.24 -2.13 -0.86 0.47 1.77 2.94 3.90 4.59 4.95 4.96 4.62 3.96 3.02 1.86 ;4.83 5.00 4.81 4.29 3.46 2.39 1.14 -0.18 -1.49 -2.69 -3.71 -4.46 -4.90 -4.99 -4.73 -4.13 -3.24 -2.13 -0.86 0.47 1.77 2.94 3.90 4.59 4.95 4.96 4.62 3.96 3.02 1.86 ;4.83 5.00 4.81 4.29 3.46 2.39 1.14 -0.18 -1.49 -2.69 -3.71 -4.46 -4.90 -4.99 -4.73 -4.13 -3.24 -2.13 -0.86 0.47 1.77 2.94 3.90 4.59 4.95 4.96 4.62 3.96 3.02 1.86 ;4.83 5.00 4.81 4.29 3.46 2.39 1.14 -0.18 -1.49 -2.69 -3.71 -4.46 -4.90 -4.99 -4.73 -4.13 -3.24 -2.13 -0.86 0.47 1.77 2.94 3.90 4.59 4.95 4.96 4.62 3.96 3.02 1.86 ;4.83 5.00 4.81 4.29 3.46 2.39 1.14 -0.18 -1.49 -2.69 -3.71 -4.46 -4.90 -4.99 -4.73 -4.13 -3.24 -2.13 -0.86 0.47 1.77 2.94 3.90 4.59 4.95 4.96 4.62 3.96 3.02 1.86 ;4.83 5.00 4.81 4.29 3.46 2.39 1.14 -0.18 -1.49 -2.69 -3.71 -4.46 -4.90 -4.99 -4.73 -4.13 -3.24 -2.13 -0.86 0.47 1.77 2.94 3.90 4.59 4.95 4.96 4.62 3.96 3.02 1.86 ;4.83 5.00 4.81 4.29 3.46 2.39 1.14 -0.18 -1.49 -2.69 -3.71 -4.46 -4.90 -4.99 -4.73 -4.13 -3.24 -2.13 -0.86 0.47 1.77 2.94 3.90 4.59 4.95 4.96 4.62 3.96 3.02 1.86 ;4.83 5.00 4.81 4.29 3.46 2.39 1.14 -0.18 -1.49 -2.69 -3.71 -4.46 -4.90 -4.99 -4.73 -4.13 -3.24 -2.13 -0.86 0.47 1.77 2.94 3.90 4.59 4.95 4.96 4.62 3.96 3.02 1.86 ;4.83 5.00 4.81 4.29 3.46 2.39 1.14 -0.18 -1.49 -2.69 -3.71 -4.46 -4.90 -4.99 -4.73 -4.13 -3.24 -2.13 -0.86 0.47 1.77 2.94 3.90 4.59 4.95 4.96 4.62 3.96 3.02 1.86 ;4.83 5.00 4.81 4.29 3.46 2.39 1.14 -0.18 -1.49 -2.69 -3.71 -4.46 -4.90 -4.99 -4.73 -4.13 -3.24 -2.13 -0.86 0.47 1.77 2.94 3.90 4.59 4.95 4.96 4.62 3.96 3.02 1.86 ;4.83 5.00 4.81 4.29 3.46 2.39 1.14 -0.18 -1.49 -2.69 -3.71 -4.46 -4.90 -4.99 -4.73 -4.13 -3.24 -2.13 -0.86 0.47 1.77 2.94 3.90 4.59 4.95 4.96 4.62 3.96 3.02 1.86 ;4.83 5.00 4.81 4.29 3.46 2.39 1.14 -0.18 -1.49 -2.69 -3.71 -4.46 -4.90 -4.99 -4.73 -4.13 -3.24 -2.13 -0.86 0.47 1.77 2.94 3.90 4.59 4.95 4.96 4.62 3.96 3.02 1.86 ;4.83 5.00 4.81 4.29 3.46 2.39 1.14 -0.18 -1.49 -2.69 -3.71 -4.46 -4.90 -4.99 -4.73 -4.13 -3.24 -2.13 -0.86 0.47 1.77 2.94 3.90 4.59 4.95 4.96 4.62 3.96 3.02 1.86 ;4.83 5.00 4.81 4.29 3.46 2.39 1.14 -0.18 -1.49 -2.69 -3.71 -4.46 -4.90 -4.99 -4.73 -4.13 -3.24 -2.13 -0.86 0.47 1.77 2.94 3.90 4.59 4.95 4.96 4.62 3.96 3.02 1.86 ;4.83 5.00 4.81 4.29 3.46 2.39 1.14 -0.18 -1.49 -2.69 -3.71 -4.46 -4.90 -4.99 -4.73 -4.13 -3.24 -2.13 -0.86 0.47 1.77 2.94 3.90 4.59 4.95 4.96 4.62 3.96 3.02 1.86 ;4.83 5.00 4.81 4.29 3.46 2.39 1.14 -0.18 -1.49 -2.69 -3.71 -4.46 -4.90 -4.99 -4.73 -4.13 -3.24 -2.13 -0.86 0.47 1.77 2.94 3.90 4.59 4.95 4.96 4.62 3.96 3.02 1.86 ;4.83 5.00 4.81 4.29 3.46 2.39 1.14 -0.18 -1.49 -2.69 -3.71 -4.46 -4.90 -4.99 -4.73 -4.13 -3.24 -2.13 -0.86 0.47 1.77 2.94 3.90 4.59 4.95 4.96 4.62 3.96 3.02 1.86 ;4.83 5.00 4.81 4.29 3.46 2.39 1.14 -0.18 -1.49 -2.69 -3.71 -4.46 -4.90 -4.99 -4.73 -4.13 -3.24 -2.13 -0.86 0.47 1.77 2.94 3.90 4.59 4.95 4.96 4.62 3.96 3.02 1.86 ;4.83 5.00 4.81 4.29 3.46 2.39 1.14 -0.18 -1.49 -2.69 -3.71 -4.46 -4.90 -4.99 -4.73 -4.13 -3.24 -2.13 -0.86 0.47 1.77 2.94 3.90 4.59 4.95 4.96 4.62 3.96 3.02 1.86 ;4.83 5.00 4.81 4.29 3.46 2.39 1.14 -0.18 -1.49 -2.69 -3.71 -4.46 -4.90 -4.99 -4.73 -4.13 -3.24 -2.13 -0.86 0.47 1.77 2.94 3.90 4.59 4.95 4.96 4.62 3.96 3.02 1.86 ;4.83 5.00 4.81 4.29 3.46 2.39 1.14 -0.18 -1.49 -2.69 -3.71 -4.46 -4.90 -4.99 -4.73 -4.13 -3.24 -2.13 -0.86 0.47 1.77 2.94 3.90 4.59 4.95 4.96 4.62 3.96 3.02 1.86 ;4.83 5.00 4.81 4.29 3.46 2.39 1.14 -0.18 -1.49 -2.69 -3.71 -4.46 -4.90 -4.99 -4.73 -4.13 -3.24 -2.13 -0.86 0.47 1.77 2.94 3.90 4.59 4.95 4.96 4.62 3.96 3.02 1.86 ;4.83 5.00 4.81 4.29 3.46 2.39 1.14 -0.18 -1.49 -2.69 -3.71 -4.46 -4.90 -4.99 -4.73 -4.13 -3.24 -2.13 -0.86 0.47 1.77 2.94 3.90 4.59 4.95 4.96 4.62 3.96 3.02 1.86 ;4.83 5.00 4.81 4.29 3.46 2.39 1.14 -0.18 -1.49 -2.69 -3.71 -4.46 -4.90 -4.99 -4.73 -4.13 -3.24 -2.13 -0.86 0.47 1.77 2.94 3.90 4.59 4.95 4.96 4.62 3.96 3.02 1.86 ;4.83 5.00 4.81 4.29 3.46 2.39 1.14 -0.18 -1.49 -2.69 -3.71 -4.46 -4.90 -4.99 -4.73 -4.13 -3.24 -2.13 -0.86 0.47 1.77 2.94 3.90 4.59 4.95 4.96 4.62 3.96 3.02 1.86 ;4.83 5.00 4.81 4.29 3.46 2.39 1.14 -0.18 -1.49 -2.69 -3.71 -4.46 -4.90 -4.99 -4.73 -4.13 -3.24 -2.13 -0.86 0.47 1.77 2.94 3.90 4.59 4.95 4.96 4.62 3.96 3.02 1.86 ;4.83 5.00 4.81 4.29 3.46 2.39 1.14 -0.18 -1.49 -2.69 -3.71 -4.46 -4.90 -4.99 -4.73 -4.13 -3.24 -2.13 -0.86 0.47 1.77 2.94 3.90 4.59 4.95 4.96 4.62 3.96 3.02 1.86 ;4.83 5.00 4.81 4.29 3.46 2.39 1.14 -0.18 -1.49 -2.69 -3.71 -4.46 -4.90 -4.99 -4.73 -4.13 -3.24 -2.13 -0.86 0.47 1.77 2.94 3.90 4.59 4.95 4.96 4.62 3.96 3.02 1.86 ;];
