u20 = [4.90 4.99 4.72 4.13 3.24 2.12 0.85 -0.48 -1.77 -2.94 -3.90 -4.59 -4.95 -4.96 -4.62 -3.95 -3.01 -1.85 -0.56 0.77 2.04 3.17 4.08 4.70 4.98 4.92 4.50 3.77 2.77 1.58 ;4.90 4.99 4.72 4.13 3.24 2.12 0.85 -0.48 -1.77 -2.94 -3.90 -4.59 -4.95 -4.96 -4.62 -3.95 -3.01 -1.85 -0.56 0.77 2.04 3.17 4.08 4.70 4.98 4.92 4.50 3.77 2.77 1.58 ;4.90 4.99 4.72 4.13 3.24 2.12 0.85 -0.48 -1.77 -2.94 -3.90 -4.59 -4.95 -4.96 -4.62 -3.95 -3.01 -1.85 -0.56 0.77 2.04 3.17 4.08 4.70 4.98 4.92 4.50 3.77 2.77 1.58 ;4.90 4.99 4.72 4.13 3.24 2.12 0.85 -0.48 -1.77 -2.94 -3.90 -4.59 -4.95 -4.96 -4.62 -3.95 -3.01 -1.85 -0.56 0.77 2.04 3.17 4.08 4.70 4.98 4.92 4.50 3.77 2.77 1.58 ;4.90 4.99 4.72 4.13 3.24 2.12 0.85 -0.48 -1.77 -2.94 -3.90 -4.59 -4.95 -4.96 -4.62 -3.95 -3.01 -1.85 -0.56 0.77 2.04 3.17 4.08 4.70 4.98 4.92 4.50 3.77 2.77 1.58 ;4.90 4.99 4.72 4.13 3.24 2.12 0.85 -0.48 -1.77 -2.94 -3.90 -4.59 -4.95 -4.96 -4.62 -3.95 -3.01 -1.85 -0.56 0.77 2.04 3.17 4.08 4.70 4.98 4.92 4.50 3.77 2.77 1.58 ;4.90 4.99 4.72 4.13 3.24 2.12 0.85 -0.48 -1.77 -2.94 -3.90 -4.59 -4.95 -4.96 -4.62 -3.95 -3.01 -1.85 -0.56 0.77 2.04 3.17 4.08 4.70 4.98 4.92 4.50 3.77 2.77 1.58 ;4.90 4.99 4.72 4.13 3.24 2.12 0.85 -0.48 -1.77 -2.94 -3.90 -4.59 -4.95 -4.96 -4.62 -3.95 -3.01 -1.85 -0.56 0.77 2.04 3.17 4.08 4.70 4.98 4.92 4.50 3.77 2.77 1.58 ;4.90 4.99 4.72 4.13 3.24 2.12 0.85 -0.48 -1.77 -2.94 -3.90 -4.59 -4.95 -4.96 -4.62 -3.95 -3.01 -1.85 -0.56 0.77 2.04 3.17 4.08 4.70 4.98 4.92 4.50 3.77 2.77 1.58 ;4.90 4.99 4.72 4.13 3.24 2.12 0.85 -0.48 -1.77 -2.94 -3.90 -4.59 -4.95 -4.96 -4.62 -3.95 -3.01 -1.85 -0.56 0.77 2.04 3.17 4.08 4.70 4.98 4.92 4.50 3.77 2.77 1.58 ;4.90 4.99 4.72 4.13 3.24 2.12 0.85 -0.48 -1.77 -2.94 -3.90 -4.59 -4.95 -4.96 -4.62 -3.95 -3.01 -1.85 -0.56 0.77 2.04 3.17 4.08 4.70 4.98 4.92 4.50 3.77 2.77 1.58 ;4.90 4.99 4.72 4.13 3.24 2.12 0.85 -0.48 -1.77 -2.94 -3.90 -4.59 -4.95 -4.96 -4.62 -3.95 -3.01 -1.85 -0.56 0.77 2.04 3.17 4.08 4.70 4.98 4.92 4.50 3.77 2.77 1.58 ;4.90 4.99 4.72 4.13 3.24 2.12 0.85 -0.48 -1.77 -2.94 -3.90 -4.59 -4.95 -4.96 -4.62 -3.95 -3.01 -1.85 -0.56 0.77 2.04 3.17 4.08 4.70 4.98 4.92 4.50 3.77 2.77 1.58 ;4.90 4.99 4.72 4.13 3.24 2.12 0.85 -0.48 -1.77 -2.94 -3.90 -4.59 -4.95 -4.96 -4.62 -3.95 -3.01 -1.85 -0.56 0.77 2.04 3.17 4.08 4.70 4.98 4.92 4.50 3.77 2.77 1.58 ;4.90 4.99 4.72 4.13 3.24 2.12 0.85 -0.48 -1.77 -2.94 -3.90 -4.59 -4.95 -4.96 -4.62 -3.95 -3.01 -1.85 -0.56 0.77 2.04 3.17 4.08 4.70 4.98 4.92 4.50 3.77 2.77 1.58 ;4.90 4.99 4.72 4.13 3.24 2.12 0.85 -0.48 -1.77 -2.94 -3.90 -4.59 -4.95 -4.96 -4.62 -3.95 -3.01 -1.85 -0.56 0.77 2.04 3.17 4.08 4.70 4.98 4.92 4.50 3.77 2.77 1.58 ;4.90 4.99 4.72 4.13 3.24 2.12 0.85 -0.48 -1.77 -2.94 -3.90 -4.59 -4.95 -4.96 -4.62 -3.95 -3.01 -1.85 -0.56 0.77 2.04 3.17 4.08 4.70 4.98 4.92 4.50 3.77 2.77 1.58 ;4.90 4.99 4.72 4.13 3.24 2.12 0.85 -0.48 -1.77 -2.94 -3.90 -4.59 -4.95 -4.96 -4.62 -3.95 -3.01 -1.85 -0.56 0.77 2.04 3.17 4.08 4.70 4.98 4.92 4.50 3.77 2.77 1.58 ;4.90 4.99 4.72 4.13 3.24 2.12 0.85 -0.48 -1.77 -2.94 -3.90 -4.59 -4.95 -4.96 -4.62 -3.95 -3.01 -1.85 -0.56 0.77 2.04 3.17 4.08 4.70 4.98 4.92 4.50 3.77 2.77 1.58 ;4.90 4.99 4.72 4.13 3.24 2.12 0.85 -0.48 -1.77 -2.94 -3.90 -4.59 -4.95 -4.96 -4.62 -3.95 -3.01 -1.85 -0.56 0.77 2.04 3.17 4.08 4.70 4.98 4.92 4.50 3.77 2.77 1.58 ;4.90 4.99 4.72 4.13 3.24 2.12 0.85 -0.48 -1.77 -2.94 -3.90 -4.59 -4.95 -4.96 -4.62 -3.95 -3.01 -1.85 -0.56 0.77 2.04 3.17 4.08 4.70 4.98 4.92 4.50 3.77 2.77 1.58 ;4.90 4.99 4.72 4.13 3.24 2.12 0.85 -0.48 -1.77 -2.94 -3.90 -4.59 -4.95 -4.96 -4.62 -3.95 -3.01 -1.85 -0.56 0.77 2.04 3.17 4.08 4.70 4.98 4.92 4.50 3.77 2.77 1.58 ;4.90 4.99 4.72 4.13 3.24 2.12 0.85 -0.48 -1.77 -2.94 -3.90 -4.59 -4.95 -4.96 -4.62 -3.95 -3.01 -1.85 -0.56 0.77 2.04 3.17 4.08 4.70 4.98 4.92 4.50 3.77 2.77 1.58 ;4.90 4.99 4.72 4.13 3.24 2.12 0.85 -0.48 -1.77 -2.94 -3.90 -4.59 -4.95 -4.96 -4.62 -3.95 -3.01 -1.85 -0.56 0.77 2.04 3.17 4.08 4.70 4.98 4.92 4.50 3.77 2.77 1.58 ;4.90 4.99 4.72 4.13 3.24 2.12 0.85 -0.48 -1.77 -2.94 -3.90 -4.59 -4.95 -4.96 -4.62 -3.95 -3.01 -1.85 -0.56 0.77 2.04 3.17 4.08 4.70 4.98 4.92 4.50 3.77 2.77 1.58 ;4.90 4.99 4.72 4.13 3.24 2.12 0.85 -0.48 -1.77 -2.94 -3.90 -4.59 -4.95 -4.96 -4.62 -3.95 -3.01 -1.85 -0.56 0.77 2.04 3.17 4.08 4.70 4.98 4.92 4.50 3.77 2.77 1.58 ;4.90 4.99 4.72 4.13 3.24 2.12 0.85 -0.48 -1.77 -2.94 -3.90 -4.59 -4.95 -4.96 -4.62 -3.95 -3.01 -1.85 -0.56 0.77 2.04 3.17 4.08 4.70 4.98 4.92 4.50 3.77 2.77 1.58 ;4.90 4.99 4.72 4.13 3.24 2.12 0.85 -0.48 -1.77 -2.94 -3.90 -4.59 -4.95 -4.96 -4.62 -3.95 -3.01 -1.85 -0.56 0.77 2.04 3.17 4.08 4.70 4.98 4.92 4.50 3.77 2.77 1.58 ;4.90 4.99 4.72 4.13 3.24 2.12 0.85 -0.48 -1.77 -2.94 -3.90 -4.59 -4.95 -4.96 -4.62 -3.95 -3.01 -1.85 -0.56 0.77 2.04 3.17 4.08 4.70 4.98 4.92 4.50 3.77 2.77 1.58 ;4.90 4.99 4.72 4.13 3.24 2.12 0.85 -0.48 -1.77 -2.94 -3.90 -4.59 -4.95 -4.96 -4.62 -3.95 -3.01 -1.85 -0.56 0.77 2.04 3.17 4.08 4.70 4.98 4.92 4.50 3.77 2.77 1.58 ;];
