u39 = [4.62 4.96 4.95 4.59 3.90 2.94 1.77 0.47 -0.86 -2.13 -3.24 -4.13 -4.73 -4.99 -4.90 -4.46 -3.71 -2.69 -1.49 -0.18 1.14 2.39 3.46 4.29 4.81 5.00 4.83 4.32 3.51 2.44 ;4.62 4.96 4.95 4.59 3.90 2.94 1.77 0.47 -0.86 -2.13 -3.24 -4.13 -4.73 -4.99 -4.90 -4.46 -3.71 -2.69 -1.49 -0.18 1.14 2.39 3.46 4.29 4.81 5.00 4.83 4.32 3.51 2.44 ;4.62 4.96 4.95 4.59 3.90 2.94 1.77 0.47 -0.86 -2.13 -3.24 -4.13 -4.73 -4.99 -4.90 -4.46 -3.71 -2.69 -1.49 -0.18 1.14 2.39 3.46 4.29 4.81 5.00 4.83 4.32 3.51 2.44 ;4.62 4.96 4.95 4.59 3.90 2.94 1.77 0.47 -0.86 -2.13 -3.24 -4.13 -4.73 -4.99 -4.90 -4.46 -3.71 -2.69 -1.49 -0.18 1.14 2.39 3.46 4.29 4.81 5.00 4.83 4.32 3.51 2.44 ;4.62 4.96 4.95 4.59 3.90 2.94 1.77 0.47 -0.86 -2.13 -3.24 -4.13 -4.73 -4.99 -4.90 -4.46 -3.71 -2.69 -1.49 -0.18 1.14 2.39 3.46 4.29 4.81 5.00 4.83 4.32 3.51 2.44 ;4.62 4.96 4.95 4.59 3.90 2.94 1.77 0.47 -0.86 -2.13 -3.24 -4.13 -4.73 -4.99 -4.90 -4.46 -3.71 -2.69 -1.49 -0.18 1.14 2.39 3.46 4.29 4.81 5.00 4.83 4.32 3.51 2.44 ;4.62 4.96 4.95 4.59 3.90 2.94 1.77 0.47 -0.86 -2.13 -3.24 -4.13 -4.73 -4.99 -4.90 -4.46 -3.71 -2.69 -1.49 -0.18 1.14 2.39 3.46 4.29 4.81 5.00 4.83 4.32 3.51 2.44 ;4.62 4.96 4.95 4.59 3.90 2.94 1.77 0.47 -0.86 -2.13 -3.24 -4.13 -4.73 -4.99 -4.90 -4.46 -3.71 -2.69 -1.49 -0.18 1.14 2.39 3.46 4.29 4.81 5.00 4.83 4.32 3.51 2.44 ;4.62 4.96 4.95 4.59 3.90 2.94 1.77 0.47 -0.86 -2.13 -3.24 -4.13 -4.73 -4.99 -4.90 -4.46 -3.71 -2.69 -1.49 -0.18 1.14 2.39 3.46 4.29 4.81 5.00 4.83 4.32 3.51 2.44 ;4.62 4.96 4.95 4.59 3.90 2.94 1.77 0.47 -0.86 -2.13 -3.24 -4.13 -4.73 -4.99 -4.90 -4.46 -3.71 -2.69 -1.49 -0.18 1.14 2.39 3.46 4.29 4.81 5.00 4.83 4.32 3.51 2.44 ;4.62 4.96 4.95 4.59 3.90 2.94 1.77 0.47 -0.86 -2.13 -3.24 -4.13 -4.73 -4.99 -4.90 -4.46 -3.71 -2.69 -1.49 -0.18 1.14 2.39 3.46 4.29 4.81 5.00 4.83 4.32 3.51 2.44 ;4.62 4.96 4.95 4.59 3.90 2.94 1.77 0.47 -0.86 -2.13 -3.24 -4.13 -4.73 -4.99 -4.90 -4.46 -3.71 -2.69 -1.49 -0.18 1.14 2.39 3.46 4.29 4.81 5.00 4.83 4.32 3.51 2.44 ;4.62 4.96 4.95 4.59 3.90 2.94 1.77 0.47 -0.86 -2.13 -3.24 -4.13 -4.73 -4.99 -4.90 -4.46 -3.71 -2.69 -1.49 -0.18 1.14 2.39 3.46 4.29 4.81 5.00 4.83 4.32 3.51 2.44 ;4.62 4.96 4.95 4.59 3.90 2.94 1.77 0.47 -0.86 -2.13 -3.24 -4.13 -4.73 -4.99 -4.90 -4.46 -3.71 -2.69 -1.49 -0.18 1.14 2.39 3.46 4.29 4.81 5.00 4.83 4.32 3.51 2.44 ;4.62 4.96 4.95 4.59 3.90 2.94 1.77 0.47 -0.86 -2.13 -3.24 -4.13 -4.73 -4.99 -4.90 -4.46 -3.71 -2.69 -1.49 -0.18 1.14 2.39 3.46 4.29 4.81 5.00 4.83 4.32 3.51 2.44 ;4.62 4.96 4.95 4.59 3.90 2.94 1.77 0.47 -0.86 -2.13 -3.24 -4.13 -4.73 -4.99 -4.90 -4.46 -3.71 -2.69 -1.49 -0.18 1.14 2.39 3.46 4.29 4.81 5.00 4.83 4.32 3.51 2.44 ;4.62 4.96 4.95 4.59 3.90 2.94 1.77 0.47 -0.86 -2.13 -3.24 -4.13 -4.73 -4.99 -4.90 -4.46 -3.71 -2.69 -1.49 -0.18 1.14 2.39 3.46 4.29 4.81 5.00 4.83 4.32 3.51 2.44 ;4.62 4.96 4.95 4.59 3.90 2.94 1.77 0.47 -0.86 -2.13 -3.24 -4.13 -4.73 -4.99 -4.90 -4.46 -3.71 -2.69 -1.49 -0.18 1.14 2.39 3.46 4.29 4.81 5.00 4.83 4.32 3.51 2.44 ;4.62 4.96 4.95 4.59 3.90 2.94 1.77 0.47 -0.86 -2.13 -3.24 -4.13 -4.73 -4.99 -4.90 -4.46 -3.71 -2.69 -1.49 -0.18 1.14 2.39 3.46 4.29 4.81 5.00 4.83 4.32 3.51 2.44 ;4.62 4.96 4.95 4.59 3.90 2.94 1.77 0.47 -0.86 -2.13 -3.24 -4.13 -4.73 -4.99 -4.90 -4.46 -3.71 -2.69 -1.49 -0.18 1.14 2.39 3.46 4.29 4.81 5.00 4.83 4.32 3.51 2.44 ;4.62 4.96 4.95 4.59 3.90 2.94 1.77 0.47 -0.86 -2.13 -3.24 -4.13 -4.73 -4.99 -4.90 -4.46 -3.71 -2.69 -1.49 -0.18 1.14 2.39 3.46 4.29 4.81 5.00 4.83 4.32 3.51 2.44 ;4.62 4.96 4.95 4.59 3.90 2.94 1.77 0.47 -0.86 -2.13 -3.24 -4.13 -4.73 -4.99 -4.90 -4.46 -3.71 -2.69 -1.49 -0.18 1.14 2.39 3.46 4.29 4.81 5.00 4.83 4.32 3.51 2.44 ;4.62 4.96 4.95 4.59 3.90 2.94 1.77 0.47 -0.86 -2.13 -3.24 -4.13 -4.73 -4.99 -4.90 -4.46 -3.71 -2.69 -1.49 -0.18 1.14 2.39 3.46 4.29 4.81 5.00 4.83 4.32 3.51 2.44 ;4.62 4.96 4.95 4.59 3.90 2.94 1.77 0.47 -0.86 -2.13 -3.24 -4.13 -4.73 -4.99 -4.90 -4.46 -3.71 -2.69 -1.49 -0.18 1.14 2.39 3.46 4.29 4.81 5.00 4.83 4.32 3.51 2.44 ;4.62 4.96 4.95 4.59 3.90 2.94 1.77 0.47 -0.86 -2.13 -3.24 -4.13 -4.73 -4.99 -4.90 -4.46 -3.71 -2.69 -1.49 -0.18 1.14 2.39 3.46 4.29 4.81 5.00 4.83 4.32 3.51 2.44 ;4.62 4.96 4.95 4.59 3.90 2.94 1.77 0.47 -0.86 -2.13 -3.24 -4.13 -4.73 -4.99 -4.90 -4.46 -3.71 -2.69 -1.49 -0.18 1.14 2.39 3.46 4.29 4.81 5.00 4.83 4.32 3.51 2.44 ;4.62 4.96 4.95 4.59 3.90 2.94 1.77 0.47 -0.86 -2.13 -3.24 -4.13 -4.73 -4.99 -4.90 -4.46 -3.71 -2.69 -1.49 -0.18 1.14 2.39 3.46 4.29 4.81 5.00 4.83 4.32 3.51 2.44 ;4.62 4.96 4.95 4.59 3.90 2.94 1.77 0.47 -0.86 -2.13 -3.24 -4.13 -4.73 -4.99 -4.90 -4.46 -3.71 -2.69 -1.49 -0.18 1.14 2.39 3.46 4.29 4.81 5.00 4.83 4.32 3.51 2.44 ;4.62 4.96 4.95 4.59 3.90 2.94 1.77 0.47 -0.86 -2.13 -3.24 -4.13 -4.73 -4.99 -4.90 -4.46 -3.71 -2.69 -1.49 -0.18 1.14 2.39 3.46 4.29 4.81 5.00 4.83 4.32 3.51 2.44 ;4.62 4.96 4.95 4.59 3.90 2.94 1.77 0.47 -0.86 -2.13 -3.24 -4.13 -4.73 -4.99 -4.90 -4.46 -3.71 -2.69 -1.49 -0.18 1.14 2.39 3.46 4.29 4.81 5.00 4.83 4.32 3.51 2.44 ;];
