u52 = [4.34 4.84 5.00 4.81 4.27 3.44 2.36 1.11 -0.21 -1.52 -2.72 -3.73 -4.48 -4.91 -4.99 -4.72 -4.11 -3.22 -2.10 -0.82 0.50 1.80 2.96 3.92 4.60 4.95 4.96 4.61 3.94 2.99 ;4.34 4.84 5.00 4.81 4.27 3.44 2.36 1.11 -0.21 -1.52 -2.72 -3.73 -4.48 -4.91 -4.99 -4.72 -4.11 -3.22 -2.10 -0.82 0.50 1.80 2.96 3.92 4.60 4.95 4.96 4.61 3.94 2.99 ;4.34 4.84 5.00 4.81 4.27 3.44 2.36 1.11 -0.21 -1.52 -2.72 -3.73 -4.48 -4.91 -4.99 -4.72 -4.11 -3.22 -2.10 -0.82 0.50 1.80 2.96 3.92 4.60 4.95 4.96 4.61 3.94 2.99 ;4.34 4.84 5.00 4.81 4.27 3.44 2.36 1.11 -0.21 -1.52 -2.72 -3.73 -4.48 -4.91 -4.99 -4.72 -4.11 -3.22 -2.10 -0.82 0.50 1.80 2.96 3.92 4.60 4.95 4.96 4.61 3.94 2.99 ;4.34 4.84 5.00 4.81 4.27 3.44 2.36 1.11 -0.21 -1.52 -2.72 -3.73 -4.48 -4.91 -4.99 -4.72 -4.11 -3.22 -2.10 -0.82 0.50 1.80 2.96 3.92 4.60 4.95 4.96 4.61 3.94 2.99 ;4.34 4.84 5.00 4.81 4.27 3.44 2.36 1.11 -0.21 -1.52 -2.72 -3.73 -4.48 -4.91 -4.99 -4.72 -4.11 -3.22 -2.10 -0.82 0.50 1.80 2.96 3.92 4.60 4.95 4.96 4.61 3.94 2.99 ;4.34 4.84 5.00 4.81 4.27 3.44 2.36 1.11 -0.21 -1.52 -2.72 -3.73 -4.48 -4.91 -4.99 -4.72 -4.11 -3.22 -2.10 -0.82 0.50 1.80 2.96 3.92 4.60 4.95 4.96 4.61 3.94 2.99 ;4.34 4.84 5.00 4.81 4.27 3.44 2.36 1.11 -0.21 -1.52 -2.72 -3.73 -4.48 -4.91 -4.99 -4.72 -4.11 -3.22 -2.10 -0.82 0.50 1.80 2.96 3.92 4.60 4.95 4.96 4.61 3.94 2.99 ;4.34 4.84 5.00 4.81 4.27 3.44 2.36 1.11 -0.21 -1.52 -2.72 -3.73 -4.48 -4.91 -4.99 -4.72 -4.11 -3.22 -2.10 -0.82 0.50 1.80 2.96 3.92 4.60 4.95 4.96 4.61 3.94 2.99 ;4.34 4.84 5.00 4.81 4.27 3.44 2.36 1.11 -0.21 -1.52 -2.72 -3.73 -4.48 -4.91 -4.99 -4.72 -4.11 -3.22 -2.10 -0.82 0.50 1.80 2.96 3.92 4.60 4.95 4.96 4.61 3.94 2.99 ;4.34 4.84 5.00 4.81 4.27 3.44 2.36 1.11 -0.21 -1.52 -2.72 -3.73 -4.48 -4.91 -4.99 -4.72 -4.11 -3.22 -2.10 -0.82 0.50 1.80 2.96 3.92 4.60 4.95 4.96 4.61 3.94 2.99 ;4.34 4.84 5.00 4.81 4.27 3.44 2.36 1.11 -0.21 -1.52 -2.72 -3.73 -4.48 -4.91 -4.99 -4.72 -4.11 -3.22 -2.10 -0.82 0.50 1.80 2.96 3.92 4.60 4.95 4.96 4.61 3.94 2.99 ;4.34 4.84 5.00 4.81 4.27 3.44 2.36 1.11 -0.21 -1.52 -2.72 -3.73 -4.48 -4.91 -4.99 -4.72 -4.11 -3.22 -2.10 -0.82 0.50 1.80 2.96 3.92 4.60 4.95 4.96 4.61 3.94 2.99 ;4.34 4.84 5.00 4.81 4.27 3.44 2.36 1.11 -0.21 -1.52 -2.72 -3.73 -4.48 -4.91 -4.99 -4.72 -4.11 -3.22 -2.10 -0.82 0.50 1.80 2.96 3.92 4.60 4.95 4.96 4.61 3.94 2.99 ;4.34 4.84 5.00 4.81 4.27 3.44 2.36 1.11 -0.21 -1.52 -2.72 -3.73 -4.48 -4.91 -4.99 -4.72 -4.11 -3.22 -2.10 -0.82 0.50 1.80 2.96 3.92 4.60 4.95 4.96 4.61 3.94 2.99 ;4.34 4.84 5.00 4.81 4.27 3.44 2.36 1.11 -0.21 -1.52 -2.72 -3.73 -4.48 -4.91 -4.99 -4.72 -4.11 -3.22 -2.10 -0.82 0.50 1.80 2.96 3.92 4.60 4.95 4.96 4.61 3.94 2.99 ;4.34 4.84 5.00 4.81 4.27 3.44 2.36 1.11 -0.21 -1.52 -2.72 -3.73 -4.48 -4.91 -4.99 -4.72 -4.11 -3.22 -2.10 -0.82 0.50 1.80 2.96 3.92 4.60 4.95 4.96 4.61 3.94 2.99 ;4.34 4.84 5.00 4.81 4.27 3.44 2.36 1.11 -0.21 -1.52 -2.72 -3.73 -4.48 -4.91 -4.99 -4.72 -4.11 -3.22 -2.10 -0.82 0.50 1.80 2.96 3.92 4.60 4.95 4.96 4.61 3.94 2.99 ;4.34 4.84 5.00 4.81 4.27 3.44 2.36 1.11 -0.21 -1.52 -2.72 -3.73 -4.48 -4.91 -4.99 -4.72 -4.11 -3.22 -2.10 -0.82 0.50 1.80 2.96 3.92 4.60 4.95 4.96 4.61 3.94 2.99 ;4.34 4.84 5.00 4.81 4.27 3.44 2.36 1.11 -0.21 -1.52 -2.72 -3.73 -4.48 -4.91 -4.99 -4.72 -4.11 -3.22 -2.10 -0.82 0.50 1.80 2.96 3.92 4.60 4.95 4.96 4.61 3.94 2.99 ;4.34 4.84 5.00 4.81 4.27 3.44 2.36 1.11 -0.21 -1.52 -2.72 -3.73 -4.48 -4.91 -4.99 -4.72 -4.11 -3.22 -2.10 -0.82 0.50 1.80 2.96 3.92 4.60 4.95 4.96 4.61 3.94 2.99 ;4.34 4.84 5.00 4.81 4.27 3.44 2.36 1.11 -0.21 -1.52 -2.72 -3.73 -4.48 -4.91 -4.99 -4.72 -4.11 -3.22 -2.10 -0.82 0.50 1.80 2.96 3.92 4.60 4.95 4.96 4.61 3.94 2.99 ;4.34 4.84 5.00 4.81 4.27 3.44 2.36 1.11 -0.21 -1.52 -2.72 -3.73 -4.48 -4.91 -4.99 -4.72 -4.11 -3.22 -2.10 -0.82 0.50 1.80 2.96 3.92 4.60 4.95 4.96 4.61 3.94 2.99 ;4.34 4.84 5.00 4.81 4.27 3.44 2.36 1.11 -0.21 -1.52 -2.72 -3.73 -4.48 -4.91 -4.99 -4.72 -4.11 -3.22 -2.10 -0.82 0.50 1.80 2.96 3.92 4.60 4.95 4.96 4.61 3.94 2.99 ;4.34 4.84 5.00 4.81 4.27 3.44 2.36 1.11 -0.21 -1.52 -2.72 -3.73 -4.48 -4.91 -4.99 -4.72 -4.11 -3.22 -2.10 -0.82 0.50 1.80 2.96 3.92 4.60 4.95 4.96 4.61 3.94 2.99 ;4.34 4.84 5.00 4.81 4.27 3.44 2.36 1.11 -0.21 -1.52 -2.72 -3.73 -4.48 -4.91 -4.99 -4.72 -4.11 -3.22 -2.10 -0.82 0.50 1.80 2.96 3.92 4.60 4.95 4.96 4.61 3.94 2.99 ;4.34 4.84 5.00 4.81 4.27 3.44 2.36 1.11 -0.21 -1.52 -2.72 -3.73 -4.48 -4.91 -4.99 -4.72 -4.11 -3.22 -2.10 -0.82 0.50 1.80 2.96 3.92 4.60 4.95 4.96 4.61 3.94 2.99 ;4.34 4.84 5.00 4.81 4.27 3.44 2.36 1.11 -0.21 -1.52 -2.72 -3.73 -4.48 -4.91 -4.99 -4.72 -4.11 -3.22 -2.10 -0.82 0.50 1.80 2.96 3.92 4.60 4.95 4.96 4.61 3.94 2.99 ;4.34 4.84 5.00 4.81 4.27 3.44 2.36 1.11 -0.21 -1.52 -2.72 -3.73 -4.48 -4.91 -4.99 -4.72 -4.11 -3.22 -2.10 -0.82 0.50 1.80 2.96 3.92 4.60 4.95 4.96 4.61 3.94 2.99 ;4.34 4.84 5.00 4.81 4.27 3.44 2.36 1.11 -0.21 -1.52 -2.72 -3.73 -4.48 -4.91 -4.99 -4.72 -4.11 -3.22 -2.10 -0.82 0.50 1.80 2.96 3.92 4.60 4.95 4.96 4.61 3.94 2.99 ;];
