u41 = [4.59 4.95 4.96 4.62 3.96 3.02 1.86 0.57 -0.76 -2.04 -3.17 -4.07 -4.69 -4.98 -4.92 -4.51 -3.78 -2.78 -1.58 -0.28 1.05 2.30 3.39 4.24 4.79 5.00 4.86 4.37 3.58 2.53 ;4.59 4.95 4.96 4.62 3.96 3.02 1.86 0.57 -0.76 -2.04 -3.17 -4.07 -4.69 -4.98 -4.92 -4.51 -3.78 -2.78 -1.58 -0.28 1.05 2.30 3.39 4.24 4.79 5.00 4.86 4.37 3.58 2.53 ;4.59 4.95 4.96 4.62 3.96 3.02 1.86 0.57 -0.76 -2.04 -3.17 -4.07 -4.69 -4.98 -4.92 -4.51 -3.78 -2.78 -1.58 -0.28 1.05 2.30 3.39 4.24 4.79 5.00 4.86 4.37 3.58 2.53 ;4.59 4.95 4.96 4.62 3.96 3.02 1.86 0.57 -0.76 -2.04 -3.17 -4.07 -4.69 -4.98 -4.92 -4.51 -3.78 -2.78 -1.58 -0.28 1.05 2.30 3.39 4.24 4.79 5.00 4.86 4.37 3.58 2.53 ;4.59 4.95 4.96 4.62 3.96 3.02 1.86 0.57 -0.76 -2.04 -3.17 -4.07 -4.69 -4.98 -4.92 -4.51 -3.78 -2.78 -1.58 -0.28 1.05 2.30 3.39 4.24 4.79 5.00 4.86 4.37 3.58 2.53 ;4.59 4.95 4.96 4.62 3.96 3.02 1.86 0.57 -0.76 -2.04 -3.17 -4.07 -4.69 -4.98 -4.92 -4.51 -3.78 -2.78 -1.58 -0.28 1.05 2.30 3.39 4.24 4.79 5.00 4.86 4.37 3.58 2.53 ;4.59 4.95 4.96 4.62 3.96 3.02 1.86 0.57 -0.76 -2.04 -3.17 -4.07 -4.69 -4.98 -4.92 -4.51 -3.78 -2.78 -1.58 -0.28 1.05 2.30 3.39 4.24 4.79 5.00 4.86 4.37 3.58 2.53 ;4.59 4.95 4.96 4.62 3.96 3.02 1.86 0.57 -0.76 -2.04 -3.17 -4.07 -4.69 -4.98 -4.92 -4.51 -3.78 -2.78 -1.58 -0.28 1.05 2.30 3.39 4.24 4.79 5.00 4.86 4.37 3.58 2.53 ;4.59 4.95 4.96 4.62 3.96 3.02 1.86 0.57 -0.76 -2.04 -3.17 -4.07 -4.69 -4.98 -4.92 -4.51 -3.78 -2.78 -1.58 -0.28 1.05 2.30 3.39 4.24 4.79 5.00 4.86 4.37 3.58 2.53 ;4.59 4.95 4.96 4.62 3.96 3.02 1.86 0.57 -0.76 -2.04 -3.17 -4.07 -4.69 -4.98 -4.92 -4.51 -3.78 -2.78 -1.58 -0.28 1.05 2.30 3.39 4.24 4.79 5.00 4.86 4.37 3.58 2.53 ;4.59 4.95 4.96 4.62 3.96 3.02 1.86 0.57 -0.76 -2.04 -3.17 -4.07 -4.69 -4.98 -4.92 -4.51 -3.78 -2.78 -1.58 -0.28 1.05 2.30 3.39 4.24 4.79 5.00 4.86 4.37 3.58 2.53 ;4.59 4.95 4.96 4.62 3.96 3.02 1.86 0.57 -0.76 -2.04 -3.17 -4.07 -4.69 -4.98 -4.92 -4.51 -3.78 -2.78 -1.58 -0.28 1.05 2.30 3.39 4.24 4.79 5.00 4.86 4.37 3.58 2.53 ;4.59 4.95 4.96 4.62 3.96 3.02 1.86 0.57 -0.76 -2.04 -3.17 -4.07 -4.69 -4.98 -4.92 -4.51 -3.78 -2.78 -1.58 -0.28 1.05 2.30 3.39 4.24 4.79 5.00 4.86 4.37 3.58 2.53 ;4.59 4.95 4.96 4.62 3.96 3.02 1.86 0.57 -0.76 -2.04 -3.17 -4.07 -4.69 -4.98 -4.92 -4.51 -3.78 -2.78 -1.58 -0.28 1.05 2.30 3.39 4.24 4.79 5.00 4.86 4.37 3.58 2.53 ;4.59 4.95 4.96 4.62 3.96 3.02 1.86 0.57 -0.76 -2.04 -3.17 -4.07 -4.69 -4.98 -4.92 -4.51 -3.78 -2.78 -1.58 -0.28 1.05 2.30 3.39 4.24 4.79 5.00 4.86 4.37 3.58 2.53 ;4.59 4.95 4.96 4.62 3.96 3.02 1.86 0.57 -0.76 -2.04 -3.17 -4.07 -4.69 -4.98 -4.92 -4.51 -3.78 -2.78 -1.58 -0.28 1.05 2.30 3.39 4.24 4.79 5.00 4.86 4.37 3.58 2.53 ;4.59 4.95 4.96 4.62 3.96 3.02 1.86 0.57 -0.76 -2.04 -3.17 -4.07 -4.69 -4.98 -4.92 -4.51 -3.78 -2.78 -1.58 -0.28 1.05 2.30 3.39 4.24 4.79 5.00 4.86 4.37 3.58 2.53 ;4.59 4.95 4.96 4.62 3.96 3.02 1.86 0.57 -0.76 -2.04 -3.17 -4.07 -4.69 -4.98 -4.92 -4.51 -3.78 -2.78 -1.58 -0.28 1.05 2.30 3.39 4.24 4.79 5.00 4.86 4.37 3.58 2.53 ;4.59 4.95 4.96 4.62 3.96 3.02 1.86 0.57 -0.76 -2.04 -3.17 -4.07 -4.69 -4.98 -4.92 -4.51 -3.78 -2.78 -1.58 -0.28 1.05 2.30 3.39 4.24 4.79 5.00 4.86 4.37 3.58 2.53 ;4.59 4.95 4.96 4.62 3.96 3.02 1.86 0.57 -0.76 -2.04 -3.17 -4.07 -4.69 -4.98 -4.92 -4.51 -3.78 -2.78 -1.58 -0.28 1.05 2.30 3.39 4.24 4.79 5.00 4.86 4.37 3.58 2.53 ;4.59 4.95 4.96 4.62 3.96 3.02 1.86 0.57 -0.76 -2.04 -3.17 -4.07 -4.69 -4.98 -4.92 -4.51 -3.78 -2.78 -1.58 -0.28 1.05 2.30 3.39 4.24 4.79 5.00 4.86 4.37 3.58 2.53 ;4.59 4.95 4.96 4.62 3.96 3.02 1.86 0.57 -0.76 -2.04 -3.17 -4.07 -4.69 -4.98 -4.92 -4.51 -3.78 -2.78 -1.58 -0.28 1.05 2.30 3.39 4.24 4.79 5.00 4.86 4.37 3.58 2.53 ;4.59 4.95 4.96 4.62 3.96 3.02 1.86 0.57 -0.76 -2.04 -3.17 -4.07 -4.69 -4.98 -4.92 -4.51 -3.78 -2.78 -1.58 -0.28 1.05 2.30 3.39 4.24 4.79 5.00 4.86 4.37 3.58 2.53 ;4.59 4.95 4.96 4.62 3.96 3.02 1.86 0.57 -0.76 -2.04 -3.17 -4.07 -4.69 -4.98 -4.92 -4.51 -3.78 -2.78 -1.58 -0.28 1.05 2.30 3.39 4.24 4.79 5.00 4.86 4.37 3.58 2.53 ;4.59 4.95 4.96 4.62 3.96 3.02 1.86 0.57 -0.76 -2.04 -3.17 -4.07 -4.69 -4.98 -4.92 -4.51 -3.78 -2.78 -1.58 -0.28 1.05 2.30 3.39 4.24 4.79 5.00 4.86 4.37 3.58 2.53 ;4.59 4.95 4.96 4.62 3.96 3.02 1.86 0.57 -0.76 -2.04 -3.17 -4.07 -4.69 -4.98 -4.92 -4.51 -3.78 -2.78 -1.58 -0.28 1.05 2.30 3.39 4.24 4.79 5.00 4.86 4.37 3.58 2.53 ;4.59 4.95 4.96 4.62 3.96 3.02 1.86 0.57 -0.76 -2.04 -3.17 -4.07 -4.69 -4.98 -4.92 -4.51 -3.78 -2.78 -1.58 -0.28 1.05 2.30 3.39 4.24 4.79 5.00 4.86 4.37 3.58 2.53 ;4.59 4.95 4.96 4.62 3.96 3.02 1.86 0.57 -0.76 -2.04 -3.17 -4.07 -4.69 -4.98 -4.92 -4.51 -3.78 -2.78 -1.58 -0.28 1.05 2.30 3.39 4.24 4.79 5.00 4.86 4.37 3.58 2.53 ;4.59 4.95 4.96 4.62 3.96 3.02 1.86 0.57 -0.76 -2.04 -3.17 -4.07 -4.69 -4.98 -4.92 -4.51 -3.78 -2.78 -1.58 -0.28 1.05 2.30 3.39 4.24 4.79 5.00 4.86 4.37 3.58 2.53 ;4.59 4.95 4.96 4.62 3.96 3.02 1.86 0.57 -0.76 -2.04 -3.17 -4.07 -4.69 -4.98 -4.92 -4.51 -3.78 -2.78 -1.58 -0.28 1.05 2.30 3.39 4.24 4.79 5.00 4.86 4.37 3.58 2.53 ;];
