u8 = [4.98 4.91 4.49 3.76 2.76 1.56 0.25 -1.07 -2.32 -3.41 -4.25 -4.79 -5.00 -4.85 -4.36 -3.56 -2.51 -1.28 0.04 1.35 2.57 3.61 4.40 4.87 5.00 4.77 4.21 3.35 2.25 1.00 ;4.98 4.64 4.14 3.26 2.16 0.89 -0.44 -1.73 -2.90 -3.86 -4.56 -4.92 -4.95 -4.62 -3.97 -3.04 -1.89 -0.60 0.72 1.99 3.13 4.04 4.66 4.96 4.91 4.51 3.78 2.80 1.62 1.00 ;4.98 4.64 4.14 3.25 2.15 0.88 -0.45 -1.74 -2.91 -3.87 -4.56 -4.93 -4.95 -4.62 -3.96 -3.03 -1.88 -0.59 0.73 2.00 3.14 4.05 4.67 4.96 4.91 4.50 3.78 2.79 1.61 1.00 ;4.98 4.64 4.14 3.25 2.15 0.88 -0.45 -1.74 -2.91 -3.87 -4.56 -4.93 -4.95 -4.62 -3.96 -3.03 -1.88 -0.59 0.73 2.00 3.14 4.05 4.67 4.96 4.91 4.50 3.78 2.79 1.61 1.00 ;4.98 4.64 4.14 3.25 2.15 0.88 -0.45 -1.74 -2.91 -3.87 -4.56 -4.93 -4.95 -4.62 -3.96 -3.03 -1.88 -0.59 0.73 2.00 3.14 4.05 4.67 4.96 4.91 4.50 3.78 2.79 1.61 1.00 ;4.98 4.64 4.14 3.25 2.15 0.88 -0.45 -1.74 -2.91 -3.87 -4.56 -4.93 -4.95 -4.62 -3.96 -3.03 -1.88 -0.59 0.73 2.00 3.14 4.05 4.67 4.96 4.91 4.50 3.78 2.79 1.61 1.00 ;4.98 4.64 4.14 3.25 2.15 0.88 -0.45 -1.74 -2.91 -3.87 -4.56 -4.93 -4.95 -4.62 -3.96 -3.03 -1.88 -0.59 0.73 2.00 3.14 4.05 4.67 4.96 4.91 4.50 3.78 2.79 1.61 1.00 ;4.98 4.64 4.14 3.25 2.15 0.88 -0.45 -1.74 -2.91 -3.87 -4.56 -4.93 -4.95 -4.62 -3.96 -3.03 -1.88 -0.59 0.73 2.00 3.14 4.05 4.67 4.96 4.91 4.50 3.78 2.79 1.61 1.00 ;4.98 4.64 4.14 3.25 2.15 0.88 -0.45 -1.74 -2.91 -3.87 -4.56 -4.93 -4.95 -4.62 -3.96 -3.03 -1.88 -0.59 0.73 2.00 3.14 4.05 4.67 4.96 4.91 4.50 3.78 2.79 1.61 1.00 ;4.98 4.64 4.14 3.25 2.15 0.88 -0.45 -1.74 -2.91 -3.87 -4.56 -4.93 -4.95 -4.62 -3.96 -3.03 -1.88 -0.59 0.73 2.00 3.14 4.05 4.67 4.96 4.91 4.50 3.78 2.79 1.61 1.00 ;4.98 4.64 4.14 3.25 2.15 0.88 -0.45 -1.74 -2.91 -3.87 -4.56 -4.93 -4.95 -4.62 -3.96 -3.03 -1.88 -0.59 0.73 2.00 3.14 4.05 4.67 4.96 4.91 4.50 3.78 2.79 1.61 1.00 ;4.98 4.64 4.14 3.25 2.15 0.88 -0.45 -1.74 -2.91 -3.87 -4.56 -4.93 -4.95 -4.62 -3.96 -3.03 -1.88 -0.59 0.73 2.00 3.14 4.05 4.67 4.96 4.91 4.50 3.78 2.79 1.61 1.00 ;4.98 4.64 4.14 3.25 2.15 0.88 -0.45 -1.74 -2.91 -3.87 -4.56 -4.93 -4.95 -4.62 -3.96 -3.03 -1.88 -0.59 0.73 2.00 3.14 4.05 4.67 4.96 4.91 4.50 3.78 2.79 1.61 1.00 ;4.98 4.64 4.14 3.25 2.15 0.88 -0.45 -1.74 -2.91 -3.87 -4.56 -4.93 -4.95 -4.62 -3.96 -3.03 -1.88 -0.59 0.73 2.00 3.14 4.05 4.67 4.96 4.91 4.50 3.78 2.79 1.61 1.00 ;4.98 4.64 4.14 3.25 2.15 0.88 -0.45 -1.74 -2.91 -3.87 -4.56 -4.93 -4.95 -4.62 -3.96 -3.03 -1.88 -0.59 0.73 2.00 3.14 4.05 4.67 4.96 4.91 4.50 3.78 2.79 1.61 1.00 ;4.98 4.64 4.14 3.25 2.15 0.88 -0.45 -1.74 -2.91 -3.87 -4.56 -4.93 -4.95 -4.62 -3.96 -3.03 -1.88 -0.59 0.73 2.00 3.14 4.05 4.67 4.96 4.91 4.50 3.78 2.79 1.61 1.00 ;4.98 4.64 4.14 3.25 2.15 0.88 -0.45 -1.74 -2.91 -3.87 -4.56 -4.93 -4.95 -4.62 -3.96 -3.03 -1.88 -0.59 0.73 2.00 3.14 4.05 4.67 4.96 4.91 4.50 3.78 2.79 1.61 1.00 ;4.98 4.64 4.14 3.25 2.15 0.88 -0.45 -1.74 -2.91 -3.87 -4.56 -4.93 -4.95 -4.62 -3.96 -3.03 -1.88 -0.59 0.73 2.00 3.14 4.05 4.67 4.96 4.91 4.50 3.78 2.79 1.61 1.00 ;4.98 4.64 4.14 3.25 2.15 0.88 -0.45 -1.74 -2.91 -3.87 -4.56 -4.93 -4.95 -4.62 -3.96 -3.03 -1.88 -0.59 0.73 2.00 3.14 4.05 4.67 4.96 4.91 4.50 3.78 2.79 1.61 1.00 ;4.98 4.64 4.14 3.25 2.15 0.88 -0.45 -1.74 -2.91 -3.87 -4.56 -4.93 -4.95 -4.62 -3.96 -3.03 -1.88 -0.59 0.73 2.00 3.14 4.05 4.67 4.96 4.91 4.50 3.78 2.79 1.61 1.00 ;4.98 4.64 4.14 3.25 2.15 0.88 -0.45 -1.74 -2.91 -3.87 -4.56 -4.93 -4.95 -4.62 -3.96 -3.03 -1.88 -0.59 0.73 2.00 3.14 4.05 4.67 4.96 4.91 4.50 3.78 2.79 1.61 1.00 ;4.98 4.64 4.14 3.25 2.15 0.88 -0.45 -1.74 -2.91 -3.87 -4.56 -4.93 -4.95 -4.62 -3.96 -3.03 -1.88 -0.59 0.73 2.00 3.14 4.05 4.67 4.96 4.91 4.50 3.78 2.79 1.61 1.00 ;4.98 4.64 4.14 3.25 2.15 0.88 -0.45 -1.74 -2.91 -3.87 -4.56 -4.93 -4.95 -4.62 -3.96 -3.03 -1.88 -0.59 0.73 2.00 3.14 4.05 4.67 4.96 4.91 4.50 3.78 2.79 1.61 1.00 ;4.98 4.64 4.14 3.25 2.15 0.88 -0.45 -1.74 -2.91 -3.87 -4.56 -4.93 -4.95 -4.62 -3.96 -3.03 -1.88 -0.59 0.73 2.00 3.14 4.05 4.67 4.96 4.91 4.50 3.78 2.79 1.61 1.00 ;4.98 4.64 4.14 3.25 2.15 0.88 -0.45 -1.74 -2.91 -3.87 -4.56 -4.93 -4.95 -4.62 -3.96 -3.03 -1.88 -0.59 0.73 2.00 3.14 4.05 4.67 4.96 4.91 4.50 3.78 2.79 1.61 1.00 ;4.98 4.64 4.14 3.25 2.15 0.88 -0.45 -1.74 -2.91 -3.87 -4.56 -4.93 -4.95 -4.62 -3.96 -3.03 -1.88 -0.59 0.73 2.00 3.14 4.05 4.67 4.96 4.91 4.50 3.78 2.79 1.61 1.00 ;4.98 4.64 4.14 3.25 2.15 0.88 -0.45 -1.74 -2.91 -3.87 -4.56 -4.93 -4.95 -4.62 -3.96 -3.03 -1.88 -0.59 0.73 2.00 3.14 4.05 4.67 4.96 4.91 4.50 3.78 2.79 1.61 1.00 ;4.98 4.64 4.14 3.25 2.15 0.88 -0.45 -1.74 -2.91 -3.87 -4.56 -4.93 -4.95 -4.62 -3.96 -3.03 -1.88 -0.59 0.73 2.00 3.14 4.05 4.67 4.96 4.91 4.50 3.78 2.79 1.61 1.00 ;4.98 4.64 4.14 3.26 2.16 0.89 -0.44 -1.73 -2.90 -3.86 -4.56 -4.92 -4.95 -4.62 -3.97 -3.04 -1.89 -0.60 0.72 1.99 3.13 4.04 4.66 4.96 4.91 4.51 3.78 2.80 1.62 1.00 ;4.98 4.91 4.49 3.76 2.76 1.56 0.25 -1.07 -2.32 -3.41 -4.25 -4.79 -5.00 -4.85 -4.36 -3.56 -2.51 -1.28 0.04 1.35 2.57 3.61 4.40 4.87 5.00 4.77 4.21 3.35 2.25 1.00 ;];
