u31 = [4.76 5.00 4.88 4.41 3.64 2.60 1.39 0.07 -1.25 -2.48 -3.54 -4.34 -4.84 -5.00 -4.80 -4.27 -3.43 -2.35 -1.10 0.22 1.53 2.73 3.74 4.48 4.91 4.99 4.71 4.11 3.21 2.09 ;4.76 5.00 4.88 4.41 3.64 2.60 1.39 0.07 -1.25 -2.48 -3.54 -4.34 -4.84 -5.00 -4.80 -4.27 -3.43 -2.35 -1.10 0.22 1.53 2.73 3.74 4.48 4.91 4.99 4.71 4.11 3.21 2.09 ;4.76 5.00 4.88 4.41 3.64 2.60 1.39 0.07 -1.25 -2.48 -3.54 -4.34 -4.84 -5.00 -4.80 -4.27 -3.43 -2.35 -1.10 0.22 1.53 2.73 3.74 4.48 4.91 4.99 4.71 4.11 3.21 2.09 ;4.76 5.00 4.88 4.41 3.64 2.60 1.39 0.07 -1.25 -2.48 -3.54 -4.34 -4.84 -5.00 -4.80 -4.27 -3.43 -2.35 -1.10 0.22 1.53 2.73 3.74 4.48 4.91 4.99 4.71 4.11 3.21 2.09 ;4.76 5.00 4.88 4.41 3.64 2.60 1.39 0.07 -1.25 -2.48 -3.54 -4.34 -4.84 -5.00 -4.80 -4.27 -3.43 -2.35 -1.10 0.22 1.53 2.73 3.74 4.48 4.91 4.99 4.71 4.11 3.21 2.09 ;4.76 5.00 4.88 4.41 3.64 2.60 1.39 0.07 -1.25 -2.48 -3.54 -4.34 -4.84 -5.00 -4.80 -4.27 -3.43 -2.35 -1.10 0.22 1.53 2.73 3.74 4.48 4.91 4.99 4.71 4.11 3.21 2.09 ;4.76 5.00 4.88 4.41 3.64 2.60 1.39 0.07 -1.25 -2.48 -3.54 -4.34 -4.84 -5.00 -4.80 -4.27 -3.43 -2.35 -1.10 0.22 1.53 2.73 3.74 4.48 4.91 4.99 4.71 4.11 3.21 2.09 ;4.76 5.00 4.88 4.41 3.64 2.60 1.39 0.07 -1.25 -2.48 -3.54 -4.34 -4.84 -5.00 -4.80 -4.27 -3.43 -2.35 -1.10 0.22 1.53 2.73 3.74 4.48 4.91 4.99 4.71 4.11 3.21 2.09 ;4.76 5.00 4.88 4.41 3.64 2.60 1.39 0.07 -1.25 -2.48 -3.54 -4.34 -4.84 -5.00 -4.80 -4.27 -3.43 -2.35 -1.10 0.22 1.53 2.73 3.74 4.48 4.91 4.99 4.71 4.11 3.21 2.09 ;4.76 5.00 4.88 4.41 3.64 2.60 1.39 0.07 -1.25 -2.48 -3.54 -4.34 -4.84 -5.00 -4.80 -4.27 -3.43 -2.35 -1.10 0.22 1.53 2.73 3.74 4.48 4.91 4.99 4.71 4.11 3.21 2.09 ;4.76 5.00 4.88 4.41 3.64 2.60 1.39 0.07 -1.25 -2.48 -3.54 -4.34 -4.84 -5.00 -4.80 -4.27 -3.43 -2.35 -1.10 0.22 1.53 2.73 3.74 4.48 4.91 4.99 4.71 4.11 3.21 2.09 ;4.76 5.00 4.88 4.41 3.64 2.60 1.39 0.07 -1.25 -2.48 -3.54 -4.34 -4.84 -5.00 -4.80 -4.27 -3.43 -2.35 -1.10 0.22 1.53 2.73 3.74 4.48 4.91 4.99 4.71 4.11 3.21 2.09 ;4.76 5.00 4.88 4.41 3.64 2.60 1.39 0.07 -1.25 -2.48 -3.54 -4.34 -4.84 -5.00 -4.80 -4.27 -3.43 -2.35 -1.10 0.22 1.53 2.73 3.74 4.48 4.91 4.99 4.71 4.11 3.21 2.09 ;4.76 5.00 4.88 4.41 3.64 2.60 1.39 0.07 -1.25 -2.48 -3.54 -4.34 -4.84 -5.00 -4.80 -4.27 -3.43 -2.35 -1.10 0.22 1.53 2.73 3.74 4.48 4.91 4.99 4.71 4.11 3.21 2.09 ;4.76 5.00 4.88 4.41 3.64 2.60 1.39 0.07 -1.25 -2.48 -3.54 -4.34 -4.84 -5.00 -4.80 -4.27 -3.43 -2.35 -1.10 0.22 1.53 2.73 3.74 4.48 4.91 4.99 4.71 4.11 3.21 2.09 ;4.76 5.00 4.88 4.41 3.64 2.60 1.39 0.07 -1.25 -2.48 -3.54 -4.34 -4.84 -5.00 -4.80 -4.27 -3.43 -2.35 -1.10 0.22 1.53 2.73 3.74 4.48 4.91 4.99 4.71 4.11 3.21 2.09 ;4.76 5.00 4.88 4.41 3.64 2.60 1.39 0.07 -1.25 -2.48 -3.54 -4.34 -4.84 -5.00 -4.80 -4.27 -3.43 -2.35 -1.10 0.22 1.53 2.73 3.74 4.48 4.91 4.99 4.71 4.11 3.21 2.09 ;4.76 5.00 4.88 4.41 3.64 2.60 1.39 0.07 -1.25 -2.48 -3.54 -4.34 -4.84 -5.00 -4.80 -4.27 -3.43 -2.35 -1.10 0.22 1.53 2.73 3.74 4.48 4.91 4.99 4.71 4.11 3.21 2.09 ;4.76 5.00 4.88 4.41 3.64 2.60 1.39 0.07 -1.25 -2.48 -3.54 -4.34 -4.84 -5.00 -4.80 -4.27 -3.43 -2.35 -1.10 0.22 1.53 2.73 3.74 4.48 4.91 4.99 4.71 4.11 3.21 2.09 ;4.76 5.00 4.88 4.41 3.64 2.60 1.39 0.07 -1.25 -2.48 -3.54 -4.34 -4.84 -5.00 -4.80 -4.27 -3.43 -2.35 -1.10 0.22 1.53 2.73 3.74 4.48 4.91 4.99 4.71 4.11 3.21 2.09 ;4.76 5.00 4.88 4.41 3.64 2.60 1.39 0.07 -1.25 -2.48 -3.54 -4.34 -4.84 -5.00 -4.80 -4.27 -3.43 -2.35 -1.10 0.22 1.53 2.73 3.74 4.48 4.91 4.99 4.71 4.11 3.21 2.09 ;4.76 5.00 4.88 4.41 3.64 2.60 1.39 0.07 -1.25 -2.48 -3.54 -4.34 -4.84 -5.00 -4.80 -4.27 -3.43 -2.35 -1.10 0.22 1.53 2.73 3.74 4.48 4.91 4.99 4.71 4.11 3.21 2.09 ;4.76 5.00 4.88 4.41 3.64 2.60 1.39 0.07 -1.25 -2.48 -3.54 -4.34 -4.84 -5.00 -4.80 -4.27 -3.43 -2.35 -1.10 0.22 1.53 2.73 3.74 4.48 4.91 4.99 4.71 4.11 3.21 2.09 ;4.76 5.00 4.88 4.41 3.64 2.60 1.39 0.07 -1.25 -2.48 -3.54 -4.34 -4.84 -5.00 -4.80 -4.27 -3.43 -2.35 -1.10 0.22 1.53 2.73 3.74 4.48 4.91 4.99 4.71 4.11 3.21 2.09 ;4.76 5.00 4.88 4.41 3.64 2.60 1.39 0.07 -1.25 -2.48 -3.54 -4.34 -4.84 -5.00 -4.80 -4.27 -3.43 -2.35 -1.10 0.22 1.53 2.73 3.74 4.48 4.91 4.99 4.71 4.11 3.21 2.09 ;4.76 5.00 4.88 4.41 3.64 2.60 1.39 0.07 -1.25 -2.48 -3.54 -4.34 -4.84 -5.00 -4.80 -4.27 -3.43 -2.35 -1.10 0.22 1.53 2.73 3.74 4.48 4.91 4.99 4.71 4.11 3.21 2.09 ;4.76 5.00 4.88 4.41 3.64 2.60 1.39 0.07 -1.25 -2.48 -3.54 -4.34 -4.84 -5.00 -4.80 -4.27 -3.43 -2.35 -1.10 0.22 1.53 2.73 3.74 4.48 4.91 4.99 4.71 4.11 3.21 2.09 ;4.76 5.00 4.88 4.41 3.64 2.60 1.39 0.07 -1.25 -2.48 -3.54 -4.34 -4.84 -5.00 -4.80 -4.27 -3.43 -2.35 -1.10 0.22 1.53 2.73 3.74 4.48 4.91 4.99 4.71 4.11 3.21 2.09 ;4.76 5.00 4.88 4.41 3.64 2.60 1.39 0.07 -1.25 -2.48 -3.54 -4.34 -4.84 -5.00 -4.80 -4.27 -3.43 -2.35 -1.10 0.22 1.53 2.73 3.74 4.48 4.91 4.99 4.71 4.11 3.21 2.09 ;4.76 5.00 4.88 4.41 3.64 2.60 1.39 0.07 -1.25 -2.48 -3.54 -4.34 -4.84 -5.00 -4.80 -4.27 -3.43 -2.35 -1.10 0.22 1.53 2.73 3.74 4.48 4.91 4.99 4.71 4.11 3.21 2.09 ;];
