u6 = [4.99 4.89 4.45 3.69 2.67 1.47 0.15 -1.17 -2.41 -3.48 -4.30 -4.82 -5.00 -4.83 -4.31 -3.49 -2.42 -1.18 0.14 1.45 2.66 3.68 4.44 4.89 4.99 4.74 4.15 3.27 2.16 0.90 ;4.99 4.70 4.17 3.30 2.20 0.94 -0.39 -1.69 -2.87 -3.84 -4.55 -4.93 -4.96 -4.65 -4.00 -3.08 -1.94 -0.65 0.68 1.95 3.10 4.02 4.65 4.96 4.93 4.54 3.82 2.84 1.66 0.90 ;4.99 4.70 4.17 3.29 2.20 0.94 -0.39 -1.69 -2.87 -3.84 -4.55 -4.93 -4.96 -4.65 -4.00 -3.08 -1.93 -0.65 0.68 1.96 3.10 4.02 4.66 4.96 4.93 4.53 3.82 2.84 1.66 0.90 ;4.99 4.70 4.17 3.29 2.20 0.94 -0.39 -1.69 -2.87 -3.84 -4.55 -4.93 -4.96 -4.65 -4.00 -3.08 -1.93 -0.65 0.68 1.96 3.10 4.02 4.66 4.96 4.93 4.53 3.82 2.84 1.66 0.90 ;4.99 4.70 4.17 3.29 2.20 0.94 -0.39 -1.69 -2.87 -3.84 -4.55 -4.93 -4.96 -4.65 -4.00 -3.08 -1.93 -0.65 0.68 1.96 3.10 4.02 4.66 4.96 4.93 4.53 3.82 2.84 1.66 0.90 ;4.99 4.70 4.17 3.29 2.20 0.94 -0.39 -1.69 -2.87 -3.84 -4.55 -4.93 -4.96 -4.65 -4.00 -3.08 -1.93 -0.65 0.68 1.96 3.10 4.02 4.66 4.96 4.93 4.53 3.82 2.84 1.66 0.90 ;4.99 4.70 4.17 3.29 2.20 0.94 -0.39 -1.69 -2.87 -3.84 -4.55 -4.93 -4.96 -4.65 -4.00 -3.08 -1.93 -0.65 0.68 1.96 3.10 4.02 4.66 4.96 4.93 4.53 3.82 2.84 1.66 0.90 ;4.99 4.70 4.17 3.29 2.20 0.94 -0.39 -1.69 -2.87 -3.84 -4.55 -4.93 -4.96 -4.65 -4.00 -3.08 -1.93 -0.65 0.68 1.96 3.10 4.02 4.66 4.96 4.93 4.53 3.82 2.84 1.66 0.90 ;4.99 4.70 4.17 3.29 2.20 0.94 -0.39 -1.69 -2.87 -3.84 -4.55 -4.93 -4.96 -4.65 -4.00 -3.08 -1.93 -0.65 0.68 1.96 3.10 4.02 4.66 4.96 4.93 4.53 3.82 2.84 1.66 0.90 ;4.99 4.70 4.17 3.29 2.20 0.94 -0.39 -1.69 -2.87 -3.84 -4.55 -4.93 -4.96 -4.65 -4.00 -3.08 -1.93 -0.65 0.68 1.96 3.10 4.02 4.66 4.96 4.93 4.53 3.82 2.84 1.66 0.90 ;4.99 4.70 4.17 3.29 2.20 0.94 -0.39 -1.69 -2.87 -3.84 -4.55 -4.93 -4.96 -4.65 -4.00 -3.08 -1.93 -0.65 0.68 1.96 3.10 4.02 4.66 4.96 4.93 4.53 3.82 2.84 1.66 0.90 ;4.99 4.70 4.17 3.29 2.20 0.94 -0.39 -1.69 -2.87 -3.84 -4.55 -4.93 -4.96 -4.65 -4.00 -3.08 -1.93 -0.65 0.68 1.96 3.10 4.02 4.66 4.96 4.93 4.53 3.82 2.84 1.66 0.90 ;4.99 4.70 4.17 3.29 2.20 0.94 -0.39 -1.69 -2.87 -3.84 -4.55 -4.93 -4.96 -4.65 -4.00 -3.08 -1.93 -0.65 0.68 1.96 3.10 4.02 4.66 4.96 4.93 4.53 3.82 2.84 1.66 0.90 ;4.99 4.70 4.17 3.29 2.20 0.94 -0.39 -1.69 -2.87 -3.84 -4.55 -4.93 -4.96 -4.65 -4.00 -3.08 -1.93 -0.65 0.68 1.96 3.10 4.02 4.66 4.96 4.93 4.53 3.82 2.84 1.66 0.90 ;4.99 4.70 4.17 3.29 2.20 0.94 -0.39 -1.69 -2.87 -3.84 -4.55 -4.93 -4.96 -4.65 -4.00 -3.08 -1.93 -0.65 0.68 1.96 3.10 4.02 4.66 4.96 4.93 4.53 3.82 2.84 1.66 0.90 ;4.99 4.70 4.17 3.29 2.20 0.94 -0.39 -1.69 -2.87 -3.84 -4.55 -4.93 -4.96 -4.65 -4.00 -3.08 -1.93 -0.65 0.68 1.96 3.10 4.02 4.66 4.96 4.93 4.53 3.82 2.84 1.66 0.90 ;4.99 4.70 4.17 3.29 2.20 0.94 -0.39 -1.69 -2.87 -3.84 -4.55 -4.93 -4.96 -4.65 -4.00 -3.08 -1.93 -0.65 0.68 1.96 3.10 4.02 4.66 4.96 4.93 4.53 3.82 2.84 1.66 0.90 ;4.99 4.70 4.17 3.29 2.20 0.94 -0.39 -1.69 -2.87 -3.84 -4.55 -4.93 -4.96 -4.65 -4.00 -3.08 -1.93 -0.65 0.68 1.96 3.10 4.02 4.66 4.96 4.93 4.53 3.82 2.84 1.66 0.90 ;4.99 4.70 4.17 3.29 2.20 0.94 -0.39 -1.69 -2.87 -3.84 -4.55 -4.93 -4.96 -4.65 -4.00 -3.08 -1.93 -0.65 0.68 1.96 3.10 4.02 4.66 4.96 4.93 4.53 3.82 2.84 1.66 0.90 ;4.99 4.70 4.17 3.29 2.20 0.94 -0.39 -1.69 -2.87 -3.84 -4.55 -4.93 -4.96 -4.65 -4.00 -3.08 -1.93 -0.65 0.68 1.96 3.10 4.02 4.66 4.96 4.93 4.53 3.82 2.84 1.66 0.90 ;4.99 4.70 4.17 3.29 2.20 0.94 -0.39 -1.69 -2.87 -3.84 -4.55 -4.93 -4.96 -4.65 -4.00 -3.08 -1.93 -0.65 0.68 1.96 3.10 4.02 4.66 4.96 4.93 4.53 3.82 2.84 1.66 0.90 ;4.99 4.70 4.17 3.29 2.20 0.94 -0.39 -1.69 -2.87 -3.84 -4.55 -4.93 -4.96 -4.65 -4.00 -3.08 -1.93 -0.65 0.68 1.96 3.10 4.02 4.66 4.96 4.93 4.53 3.82 2.84 1.66 0.90 ;4.99 4.70 4.17 3.29 2.20 0.94 -0.39 -1.69 -2.87 -3.84 -4.55 -4.93 -4.96 -4.65 -4.00 -3.08 -1.93 -0.65 0.68 1.96 3.10 4.02 4.66 4.96 4.93 4.53 3.82 2.84 1.66 0.90 ;4.99 4.70 4.17 3.29 2.20 0.94 -0.39 -1.69 -2.87 -3.84 -4.55 -4.93 -4.96 -4.65 -4.00 -3.08 -1.93 -0.65 0.68 1.96 3.10 4.02 4.66 4.96 4.93 4.53 3.82 2.84 1.66 0.90 ;4.99 4.70 4.17 3.29 2.20 0.94 -0.39 -1.69 -2.87 -3.84 -4.55 -4.93 -4.96 -4.65 -4.00 -3.08 -1.93 -0.65 0.68 1.96 3.10 4.02 4.66 4.96 4.93 4.53 3.82 2.84 1.66 0.90 ;4.99 4.70 4.17 3.29 2.20 0.94 -0.39 -1.69 -2.87 -3.84 -4.55 -4.93 -4.96 -4.65 -4.00 -3.08 -1.93 -0.65 0.68 1.96 3.10 4.02 4.66 4.96 4.93 4.53 3.82 2.84 1.66 0.90 ;4.99 4.70 4.17 3.29 2.20 0.94 -0.39 -1.69 -2.87 -3.84 -4.55 -4.93 -4.96 -4.65 -4.00 -3.08 -1.93 -0.65 0.68 1.96 3.10 4.02 4.66 4.96 4.93 4.53 3.82 2.84 1.66 0.90 ;4.99 4.70 4.17 3.29 2.20 0.94 -0.39 -1.69 -2.87 -3.84 -4.55 -4.93 -4.96 -4.65 -4.00 -3.08 -1.93 -0.65 0.68 1.96 3.10 4.02 4.66 4.96 4.93 4.53 3.82 2.84 1.66 0.90 ;4.99 4.70 4.17 3.30 2.20 0.94 -0.39 -1.69 -2.87 -3.84 -4.55 -4.93 -4.96 -4.65 -4.00 -3.08 -1.94 -0.65 0.68 1.95 3.10 4.02 4.65 4.96 4.93 4.54 3.82 2.84 1.66 0.90 ;4.99 4.89 4.45 3.69 2.67 1.47 0.15 -1.17 -2.41 -3.48 -4.30 -4.82 -5.00 -4.83 -4.31 -3.49 -2.42 -1.18 0.14 1.45 2.66 3.68 4.44 4.89 4.99 4.74 4.15 3.27 2.16 0.90 ;];
