u1 = [5.00 ;4.84 ;4.33 ;3.52 ;2.46 ;1.22 ;-0.10 ;-1.41 ;-2.62 ;-3.65 ;-4.42 ;-4.88 ;-4.99 ;-4.75 ;-4.18 ;-3.31 ;-2.20 ;-0.94 ;0.39 ;1.69 ;2.87 ;3.85 ;4.55 ;4.94 ;4.97 ;4.66 ;4.01 ;3.08 ;1.93 ;0.65 ;5.00 ;4.81 ;4.28 ;3.44 ;2.38 ;1.13 ;-0.20 ;-1.51 ;-2.71 ;-3.72 ;-4.47 ;-4.90 ;-4.99 ;-4.72 ;-4.12 ;-3.23 ;-2.11 ;-0.84 ;0.49 ;1.78 ;2.95 ;3.91 ;4.59 ;4.95 ;4.96 ;4.62 ;3.95 ;3.00 ;1.84 ;0.65 ;5.00 ;4.81 ;4.28 ;3.44 ;2.38 ;1.13 ;-0.20 ;-1.51 ;-2.71 ;-3.72 ;-4.47 ;-4.90 ;-4.99 ;-4.72 ;-4.12 ;-3.23 ;-2.11 ;-0.84 ;0.49 ;1.78 ;2.95 ;3.91 ;4.59 ;4.95 ;4.96 ;4.62 ;3.95 ;3.00 ;1.84 ;0.65 ;5.00 ;4.81 ;4.28 ;3.44 ;2.38 ;1.13 ;-0.20 ;-1.51 ;-2.71 ;-3.72 ;-4.47 ;-4.90 ;-4.99 ;-4.72 ;-4.12 ;-3.23 ;-2.11 ;-0.84 ;0.49 ;1.78 ;2.95 ;3.91 ;4.59 ;4.95 ;4.96 ;4.62 ;3.95 ;3.00 ;1.84 ;0.65 ;5.00 ;4.81 ;4.28 ;3.44 ;2.38 ;1.13 ;-0.20 ;-1.51 ;-2.71 ;-3.72 ;-4.47 ;-4.90 ;-4.99 ;-4.72 ;-4.12 ;-3.23 ;-2.11 ;-0.84 ;0.49 ;1.78 ;2.95 ;3.91 ;4.59 ;4.95 ;4.96 ;4.62 ;3.95 ;3.00 ;1.84 ;0.65 ;5.00 ;4.81 ;4.28 ;3.44 ;2.38 ;1.13 ;-0.20 ;-1.51 ;-2.71 ;-3.72 ;-4.47 ;-4.90 ;-4.99 ;-4.72 ;-4.12 ;-3.23 ;-2.11 ;-0.84 ;0.49 ;1.78 ;2.95 ;3.91 ;4.59 ;4.95 ;4.96 ;4.62 ;3.95 ;3.00 ;1.84 ;0.65 ;5.00 ;4.81 ;4.28 ;3.44 ;2.38 ;1.13 ;-0.20 ;-1.51 ;-2.71 ;-3.72 ;-4.47 ;-4.90 ;-4.99 ;-4.72 ;-4.12 ;-3.23 ;-2.11 ;-0.84 ;0.49 ;1.78 ;2.95 ;3.91 ;4.59 ;4.95 ;4.96 ;4.62 ;3.95 ;3.00 ;1.84 ;0.65 ;5.00 ;4.81 ;4.28 ;3.44 ;2.38 ;1.13 ;-0.20 ;-1.51 ;-2.71 ;-3.72 ;-4.47 ;-4.90 ;-4.99 ;-4.72 ;-4.12 ;-3.23 ;-2.11 ;-0.84 ;0.49 ;1.78 ;2.95 ;3.91 ;4.59 ;4.95 ;4.96 ;4.62 ;3.95 ;3.00 ;1.84 ;0.65 ;5.00 ;4.81 ;4.28 ;3.44 ;2.38 ;1.13 ;-0.20 ;-1.51 ;-2.71 ;-3.72 ;-4.47 ;-4.90 ;-4.99 ;-4.72 ;-4.12 ;-3.23 ;-2.11 ;-0.84 ;0.49 ;1.78 ;2.95 ;3.91 ;4.59 ;4.95 ;4.96 ;4.62 ;3.95 ;3.00 ;1.84 ;0.65 ;5.00 ;4.81 ;4.28 ;3.44 ;2.38 ;1.13 ;-0.20 ;-1.51 ;-2.71 ;-3.72 ;-4.47 ;-4.90 ;-4.99 ;-4.72 ;-4.12 ;-3.23 ;-2.11 ;-0.84 ;0.49 ;1.78 ;2.95 ;3.91 ;4.59 ;4.95 ;4.96 ;4.62 ;3.95 ;3.00 ;1.84 ;0.65 ;5.00 ;4.81 ;4.28 ;3.44 ;2.38 ;1.13 ;-0.20 ;-1.51 ;-2.71 ;-3.72 ;-4.47 ;-4.90 ;-4.99 ;-4.72 ;-4.12 ;-3.23 ;-2.11 ;-0.84 ;0.49 ;1.78 ;2.95 ;3.91 ;4.59 ;4.95 ;4.96 ;4.62 ;3.95 ;3.00 ;1.84 ;0.65 ;5.00 ;4.81 ;4.28 ;3.44 ;2.38 ;1.13 ;-0.20 ;-1.51 ;-2.71 ;-3.72 ;-4.47 ;-4.90 ;-4.99 ;-4.72 ;-4.12 ;-3.23 ;-2.11 ;-0.84 ;0.49 ;1.78 ;2.95 ;3.91 ;4.59 ;4.95 ;4.96 ;4.62 ;3.95 ;3.00 ;1.84 ;0.65 ;5.00 ;4.81 ;4.28 ;3.44 ;2.38 ;1.13 ;-0.20 ;-1.51 ;-2.71 ;-3.72 ;-4.47 ;-4.90 ;-4.99 ;-4.72 ;-4.12 ;-3.23 ;-2.11 ;-0.84 ;0.49 ;1.78 ;2.95 ;3.91 ;4.59 ;4.95 ;4.96 ;4.62 ;3.95 ;3.00 ;1.84 ;0.65 ;5.00 ;4.81 ;4.28 ;3.44 ;2.38 ;1.13 ;-0.20 ;-1.51 ;-2.71 ;-3.72 ;-4.47 ;-4.90 ;-4.99 ;-4.72 ;-4.12 ;-3.23 ;-2.11 ;-0.84 ;0.49 ;1.78 ;2.95 ;3.91 ;4.59 ;4.95 ;4.96 ;4.62 ;3.95 ;3.00 ;1.84 ;0.65 ;5.00 ;4.81 ;4.28 ;3.44 ;2.38 ;1.13 ;-0.20 ;-1.51 ;-2.71 ;-3.72 ;-4.47 ;-4.90 ;-4.99 ;-4.72 ;-4.12 ;-3.23 ;-2.11 ;-0.84 ;0.49 ;1.78 ;2.95 ;3.91 ;4.59 ;4.95 ;4.96 ;4.62 ;3.95 ;3.00 ;1.84 ;0.65 ;5.00 ;4.81 ;4.28 ;3.44 ;2.38 ;1.13 ;-0.20 ;-1.51 ;-2.71 ;-3.72 ;-4.47 ;-4.90 ;-4.99 ;-4.72 ;-4.12 ;-3.23 ;-2.11 ;-0.84 ;0.49 ;1.78 ;2.95 ;3.91 ;4.59 ;4.95 ;4.96 ;4.62 ;3.95 ;3.00 ;1.84 ;0.65 ;5.00 ;4.81 ;4.28 ;3.44 ;2.38 ;1.13 ;-0.20 ;-1.51 ;-2.71 ;-3.72 ;-4.47 ;-4.90 ;-4.99 ;-4.72 ;-4.12 ;-3.23 ;-2.11 ;-0.84 ;0.49 ;1.78 ;2.95 ;3.91 ;4.59 ;4.95 ;4.96 ;4.62 ;3.95 ;3.00 ;1.84 ;0.65 ;5.00 ;4.81 ;4.28 ;3.44 ;2.38 ;1.13 ;-0.20 ;-1.51 ;-2.71 ;-3.72 ;-4.47 ;-4.90 ;-4.99 ;-4.72 ;-4.12 ;-3.23 ;-2.11 ;-0.84 ;0.49 ;1.78 ;2.95 ;3.91 ;4.59 ;4.95 ;4.96 ;4.62 ;3.95 ;3.00 ;1.84 ;0.65 ;5.00 ;4.81 ;4.28 ;3.44 ;2.38 ;1.13 ;-0.20 ;-1.51 ;-2.71 ;-3.72 ;-4.47 ;-4.90 ;-4.99 ;-4.72 ;-4.12 ;-3.23 ;-2.11 ;-0.84 ;0.49 ;1.78 ;2.95 ;3.91 ;4.59 ;4.95 ;4.96 ;4.62 ;3.95 ;3.00 ;1.84 ;0.65 ;5.00 ;4.81 ;4.28 ;3.44 ;2.38 ;1.13 ;-0.20 ;-1.51 ;-2.71 ;-3.72 ;-4.47 ;-4.90 ;-4.99 ;-4.72 ;-4.12 ;-3.23 ;-2.11 ;-0.84 ;0.49 ;1.78 ;2.95 ;3.91 ;4.59 ;4.95 ;4.96 ;4.62 ;3.95 ;3.00 ;1.84 ;0.65 ;5.00 ;4.81 ;4.28 ;3.44 ;2.38 ;1.13 ;-0.20 ;-1.51 ;-2.71 ;-3.72 ;-4.47 ;-4.90 ;-4.99 ;-4.72 ;-4.12 ;-3.23 ;-2.11 ;-0.84 ;0.49 ;1.78 ;2.95 ;3.91 ;4.59 ;4.95 ;4.96 ;4.62 ;3.95 ;3.00 ;1.84 ;0.65 ;5.00 ;4.81 ;4.28 ;3.44 ;2.38 ;1.13 ;-0.20 ;-1.51 ;-2.71 ;-3.72 ;-4.47 ;-4.90 ;-4.99 ;-4.72 ;-4.12 ;-3.23 ;-2.11 ;-0.84 ;0.49 ;1.78 ;2.95 ;3.91 ;4.59 ;4.95 ;4.96 ;4.62 ;3.95 ;3.00 ;1.84 ;0.65 ;5.00 ;4.81 ;4.28 ;3.44 ;2.38 ;1.13 ;-0.20 ;-1.51 ;-2.71 ;-3.72 ;-4.47 ;-4.90 ;-4.99 ;-4.72 ;-4.12 ;-3.23 ;-2.11 ;-0.84 ;0.49 ;1.78 ;2.95 ;3.91 ;4.59 ;4.95 ;4.96 ;4.62 ;3.95 ;3.00 ;1.84 ;0.65 ;5.00 ;4.81 ;4.28 ;3.44 ;2.38 ;1.13 ;-0.20 ;-1.51 ;-2.71 ;-3.72 ;-4.47 ;-4.90 ;-4.99 ;-4.72 ;-4.12 ;-3.23 ;-2.11 ;-0.84 ;0.49 ;1.78 ;2.95 ;3.91 ;4.59 ;4.95 ;4.96 ;4.62 ;3.95 ;3.00 ;1.84 ;0.65 ;5.00 ;4.81 ;4.28 ;3.44 ;2.38 ;1.13 ;-0.20 ;-1.51 ;-2.71 ;-3.72 ;-4.47 ;-4.90 ;-4.99 ;-4.72 ;-4.12 ;-3.23 ;-2.11 ;-0.84 ;0.49 ;1.78 ;2.95 ;3.91 ;4.59 ;4.95 ;4.96 ;4.62 ;3.95 ;3.00 ;1.84 ;0.65 ;5.00 ;4.81 ;4.28 ;3.44 ;2.38 ;1.13 ;-0.20 ;-1.51 ;-2.71 ;-3.72 ;-4.47 ;-4.90 ;-4.99 ;-4.72 ;-4.12 ;-3.23 ;-2.11 ;-0.84 ;0.49 ;1.78 ;2.95 ;3.91 ;4.59 ;4.95 ;4.96 ;4.62 ;3.95 ;3.00 ;1.84 ;0.65 ;5.00 ;4.81 ;4.28 ;3.44 ;2.38 ;1.13 ;-0.20 ;-1.51 ;-2.71 ;-3.72 ;-4.47 ;-4.90 ;-4.99 ;-4.72 ;-4.12 ;-3.23 ;-2.11 ;-0.84 ;0.49 ;1.78 ;2.95 ;3.91 ;4.59 ;4.95 ;4.96 ;4.62 ;3.95 ;3.00 ;1.84 ;0.65 ;5.00 ;4.81 ;4.28 ;3.44 ;2.38 ;1.13 ;-0.20 ;-1.51 ;-2.71 ;-3.72 ;-4.47 ;-4.90 ;-4.99 ;-4.72 ;-4.12 ;-3.23 ;-2.11 ;-0.84 ;0.49 ;1.78 ;2.95 ;3.91 ;4.59 ;4.95 ;4.96 ;4.62 ;3.95 ;3.00 ;1.84 ;0.65 ;5.00 ;4.81 ;4.28 ;3.44 ;2.38 ;1.13 ;-0.20 ;-1.51 ;-2.71 ;-3.72 ;-4.47 ;-4.90 ;-4.99 ;-4.72 ;-4.12 ;-3.23 ;-2.11 ;-0.84 ;0.49 ;1.78 ;2.95 ;3.91 ;4.59 ;4.95 ;4.96 ;4.62 ;3.95 ;3.00 ;1.84 ;0.65 ;5.00 ;4.84 ;4.33 ;3.52 ;2.46 ;1.22 ;-0.10 ;-1.41 ;-2.62 ;-3.65 ;-4.42 ;-4.88 ;-4.99 ;-4.75 ;-4.18 ;-3.31 ;-2.20 ;-0.94 ;0.39 ;1.69 ;2.87 ;3.85 ;4.55 ;4.94 ;4.97 ;4.66 ;4.01 ;3.08 ;1.93 ;0.65 ;];
