u66 = [3.95 4.62 4.96 4.95 4.59 3.91 2.95 1.78 0.49 -0.84 -2.11 -3.23 -4.12 -4.72 -4.99 -4.90 -4.47 -3.72 -2.71 -1.50 -0.20 1.13 2.37 3.45 4.28 4.81 5.00 4.84 4.33 3.52 ;3.95 4.62 4.96 4.95 4.59 3.91 2.95 1.78 0.49 -0.84 -2.11 -3.23 -4.12 -4.72 -4.99 -4.90 -4.47 -3.72 -2.71 -1.50 -0.20 1.13 2.37 3.45 4.28 4.81 5.00 4.84 4.33 3.52 ;3.95 4.62 4.96 4.95 4.59 3.91 2.95 1.78 0.49 -0.84 -2.11 -3.23 -4.12 -4.72 -4.99 -4.90 -4.47 -3.72 -2.71 -1.50 -0.20 1.13 2.37 3.45 4.28 4.81 5.00 4.84 4.33 3.52 ;3.95 4.62 4.96 4.95 4.59 3.91 2.95 1.78 0.49 -0.84 -2.11 -3.23 -4.12 -4.72 -4.99 -4.90 -4.47 -3.72 -2.71 -1.50 -0.20 1.13 2.37 3.45 4.28 4.81 5.00 4.84 4.33 3.52 ;3.95 4.62 4.96 4.95 4.59 3.91 2.95 1.78 0.49 -0.84 -2.11 -3.23 -4.12 -4.72 -4.99 -4.90 -4.47 -3.72 -2.71 -1.50 -0.20 1.13 2.37 3.45 4.28 4.81 5.00 4.84 4.33 3.52 ;3.95 4.62 4.96 4.95 4.59 3.91 2.95 1.78 0.49 -0.84 -2.11 -3.23 -4.12 -4.72 -4.99 -4.90 -4.47 -3.72 -2.71 -1.50 -0.20 1.13 2.37 3.45 4.28 4.81 5.00 4.84 4.33 3.52 ;3.95 4.62 4.96 4.95 4.59 3.91 2.95 1.78 0.49 -0.84 -2.11 -3.23 -4.12 -4.72 -4.99 -4.90 -4.47 -3.72 -2.71 -1.50 -0.20 1.13 2.37 3.45 4.28 4.81 5.00 4.84 4.33 3.52 ;3.95 4.62 4.96 4.95 4.59 3.91 2.95 1.78 0.49 -0.84 -2.11 -3.23 -4.12 -4.72 -4.99 -4.90 -4.47 -3.72 -2.71 -1.50 -0.20 1.13 2.37 3.45 4.28 4.81 5.00 4.84 4.33 3.52 ;3.95 4.62 4.96 4.95 4.59 3.91 2.95 1.78 0.49 -0.84 -2.11 -3.23 -4.12 -4.72 -4.99 -4.90 -4.47 -3.72 -2.71 -1.50 -0.20 1.13 2.37 3.45 4.28 4.81 5.00 4.84 4.33 3.52 ;3.95 4.62 4.96 4.95 4.59 3.91 2.95 1.78 0.49 -0.84 -2.11 -3.23 -4.12 -4.72 -4.99 -4.90 -4.47 -3.72 -2.71 -1.50 -0.20 1.13 2.37 3.45 4.28 4.81 5.00 4.84 4.33 3.52 ;3.95 4.62 4.96 4.95 4.59 3.91 2.95 1.78 0.49 -0.84 -2.11 -3.23 -4.12 -4.72 -4.99 -4.90 -4.47 -3.72 -2.71 -1.50 -0.20 1.13 2.37 3.45 4.28 4.81 5.00 4.84 4.33 3.52 ;3.95 4.62 4.96 4.95 4.59 3.91 2.95 1.78 0.49 -0.84 -2.11 -3.23 -4.12 -4.72 -4.99 -4.90 -4.47 -3.72 -2.71 -1.50 -0.20 1.13 2.37 3.45 4.28 4.81 5.00 4.84 4.33 3.52 ;3.95 4.62 4.96 4.95 4.59 3.91 2.95 1.78 0.49 -0.84 -2.11 -3.23 -4.12 -4.72 -4.99 -4.90 -4.47 -3.72 -2.71 -1.50 -0.20 1.13 2.37 3.45 4.28 4.81 5.00 4.84 4.33 3.52 ;3.95 4.62 4.96 4.95 4.59 3.91 2.95 1.78 0.49 -0.84 -2.11 -3.23 -4.12 -4.72 -4.99 -4.90 -4.47 -3.72 -2.71 -1.50 -0.20 1.13 2.37 3.45 4.28 4.81 5.00 4.84 4.33 3.52 ;3.95 4.62 4.96 4.95 4.59 3.91 2.95 1.78 0.49 -0.84 -2.11 -3.23 -4.12 -4.72 -4.99 -4.90 -4.47 -3.72 -2.71 -1.50 -0.20 1.13 2.37 3.45 4.28 4.81 5.00 4.84 4.33 3.52 ;3.95 4.62 4.96 4.95 4.59 3.91 2.95 1.78 0.49 -0.84 -2.11 -3.23 -4.12 -4.72 -4.99 -4.90 -4.47 -3.72 -2.71 -1.50 -0.20 1.13 2.37 3.45 4.28 4.81 5.00 4.84 4.33 3.52 ;3.95 4.62 4.96 4.95 4.59 3.91 2.95 1.78 0.49 -0.84 -2.11 -3.23 -4.12 -4.72 -4.99 -4.90 -4.47 -3.72 -2.71 -1.50 -0.20 1.13 2.37 3.45 4.28 4.81 5.00 4.84 4.33 3.52 ;3.95 4.62 4.96 4.95 4.59 3.91 2.95 1.78 0.49 -0.84 -2.11 -3.23 -4.12 -4.72 -4.99 -4.90 -4.47 -3.72 -2.71 -1.50 -0.20 1.13 2.37 3.45 4.28 4.81 5.00 4.84 4.33 3.52 ;3.95 4.62 4.96 4.95 4.59 3.91 2.95 1.78 0.49 -0.84 -2.11 -3.23 -4.12 -4.72 -4.99 -4.90 -4.47 -3.72 -2.71 -1.50 -0.20 1.13 2.37 3.45 4.28 4.81 5.00 4.84 4.33 3.52 ;3.95 4.62 4.96 4.95 4.59 3.91 2.95 1.78 0.49 -0.84 -2.11 -3.23 -4.12 -4.72 -4.99 -4.90 -4.47 -3.72 -2.71 -1.50 -0.20 1.13 2.37 3.45 4.28 4.81 5.00 4.84 4.33 3.52 ;3.95 4.62 4.96 4.95 4.59 3.91 2.95 1.78 0.49 -0.84 -2.11 -3.23 -4.12 -4.72 -4.99 -4.90 -4.47 -3.72 -2.71 -1.50 -0.20 1.13 2.37 3.45 4.28 4.81 5.00 4.84 4.33 3.52 ;3.95 4.62 4.96 4.95 4.59 3.91 2.95 1.78 0.49 -0.84 -2.11 -3.23 -4.12 -4.72 -4.99 -4.90 -4.47 -3.72 -2.71 -1.50 -0.20 1.13 2.37 3.45 4.28 4.81 5.00 4.84 4.33 3.52 ;3.95 4.62 4.96 4.95 4.59 3.91 2.95 1.78 0.49 -0.84 -2.11 -3.23 -4.12 -4.72 -4.99 -4.90 -4.47 -3.72 -2.71 -1.50 -0.20 1.13 2.37 3.45 4.28 4.81 5.00 4.84 4.33 3.52 ;3.95 4.62 4.96 4.95 4.59 3.91 2.95 1.78 0.49 -0.84 -2.11 -3.23 -4.12 -4.72 -4.99 -4.90 -4.47 -3.72 -2.71 -1.50 -0.20 1.13 2.37 3.45 4.28 4.81 5.00 4.84 4.33 3.52 ;3.95 4.62 4.96 4.95 4.59 3.91 2.95 1.78 0.49 -0.84 -2.11 -3.23 -4.12 -4.72 -4.99 -4.90 -4.47 -3.72 -2.71 -1.50 -0.20 1.13 2.37 3.45 4.28 4.81 5.00 4.84 4.33 3.52 ;3.95 4.62 4.96 4.95 4.59 3.91 2.95 1.78 0.49 -0.84 -2.11 -3.23 -4.12 -4.72 -4.99 -4.90 -4.47 -3.72 -2.71 -1.50 -0.20 1.13 2.37 3.45 4.28 4.81 5.00 4.84 4.33 3.52 ;3.95 4.62 4.96 4.95 4.59 3.91 2.95 1.78 0.49 -0.84 -2.11 -3.23 -4.12 -4.72 -4.99 -4.90 -4.47 -3.72 -2.71 -1.50 -0.20 1.13 2.37 3.45 4.28 4.81 5.00 4.84 4.33 3.52 ;3.95 4.62 4.96 4.95 4.59 3.91 2.95 1.78 0.49 -0.84 -2.11 -3.23 -4.12 -4.72 -4.99 -4.90 -4.47 -3.72 -2.71 -1.50 -0.20 1.13 2.37 3.45 4.28 4.81 5.00 4.84 4.33 3.52 ;3.95 4.62 4.96 4.95 4.59 3.91 2.95 1.78 0.49 -0.84 -2.11 -3.23 -4.12 -4.72 -4.99 -4.90 -4.47 -3.72 -2.71 -1.50 -0.20 1.13 2.37 3.45 4.28 4.81 5.00 4.84 4.33 3.52 ;3.95 4.62 4.96 4.95 4.59 3.91 2.95 1.78 0.49 -0.84 -2.11 -3.23 -4.12 -4.72 -4.99 -4.90 -4.47 -3.72 -2.71 -1.50 -0.20 1.13 2.37 3.45 4.28 4.81 5.00 4.84 4.33 3.52 ;];
