u62 = [4.07 4.69 4.98 4.92 4.51 3.78 2.79 1.59 0.29 -1.04 -2.29 -3.38 -4.23 -4.78 -5.00 -4.86 -4.38 -3.58 -2.54 -1.31 0.00 1.32 2.55 3.59 4.38 4.86 5.00 4.78 4.23 3.37 ;4.07 4.69 4.98 4.92 4.51 3.78 2.79 1.59 0.29 -1.04 -2.29 -3.38 -4.23 -4.78 -5.00 -4.86 -4.38 -3.58 -2.54 -1.31 0.00 1.32 2.55 3.59 4.38 4.86 5.00 4.78 4.23 3.37 ;4.07 4.69 4.98 4.92 4.51 3.78 2.79 1.59 0.29 -1.04 -2.29 -3.38 -4.23 -4.78 -5.00 -4.86 -4.38 -3.58 -2.54 -1.31 0.00 1.32 2.55 3.59 4.38 4.86 5.00 4.78 4.23 3.37 ;4.07 4.69 4.98 4.92 4.51 3.78 2.79 1.59 0.29 -1.04 -2.29 -3.38 -4.23 -4.78 -5.00 -4.86 -4.38 -3.58 -2.54 -1.31 0.00 1.32 2.55 3.59 4.38 4.86 5.00 4.78 4.23 3.37 ;4.07 4.69 4.98 4.92 4.51 3.78 2.79 1.59 0.29 -1.04 -2.29 -3.38 -4.23 -4.78 -5.00 -4.86 -4.38 -3.58 -2.54 -1.31 0.00 1.32 2.55 3.59 4.38 4.86 5.00 4.78 4.23 3.37 ;4.07 4.69 4.98 4.92 4.51 3.78 2.79 1.59 0.29 -1.04 -2.29 -3.38 -4.23 -4.78 -5.00 -4.86 -4.38 -3.58 -2.54 -1.31 0.00 1.32 2.55 3.59 4.38 4.86 5.00 4.78 4.23 3.37 ;4.07 4.69 4.98 4.92 4.51 3.78 2.79 1.59 0.29 -1.04 -2.29 -3.38 -4.23 -4.78 -5.00 -4.86 -4.38 -3.58 -2.54 -1.31 0.00 1.32 2.55 3.59 4.38 4.86 5.00 4.78 4.23 3.37 ;4.07 4.69 4.98 4.92 4.51 3.78 2.79 1.59 0.29 -1.04 -2.29 -3.38 -4.23 -4.78 -5.00 -4.86 -4.38 -3.58 -2.54 -1.31 0.00 1.32 2.55 3.59 4.38 4.86 5.00 4.78 4.23 3.37 ;4.07 4.69 4.98 4.92 4.51 3.78 2.79 1.59 0.29 -1.04 -2.29 -3.38 -4.23 -4.78 -5.00 -4.86 -4.38 -3.58 -2.54 -1.31 0.00 1.32 2.55 3.59 4.38 4.86 5.00 4.78 4.23 3.37 ;4.07 4.69 4.98 4.92 4.51 3.78 2.79 1.59 0.29 -1.04 -2.29 -3.38 -4.23 -4.78 -5.00 -4.86 -4.38 -3.58 -2.54 -1.31 0.00 1.32 2.55 3.59 4.38 4.86 5.00 4.78 4.23 3.37 ;4.07 4.69 4.98 4.92 4.51 3.78 2.79 1.59 0.29 -1.04 -2.29 -3.38 -4.23 -4.78 -5.00 -4.86 -4.38 -3.58 -2.54 -1.31 0.00 1.32 2.55 3.59 4.38 4.86 5.00 4.78 4.23 3.37 ;4.07 4.69 4.98 4.92 4.51 3.78 2.79 1.59 0.29 -1.04 -2.29 -3.38 -4.23 -4.78 -5.00 -4.86 -4.38 -3.58 -2.54 -1.31 0.00 1.32 2.55 3.59 4.38 4.86 5.00 4.78 4.23 3.37 ;4.07 4.69 4.98 4.92 4.51 3.78 2.79 1.59 0.29 -1.04 -2.29 -3.38 -4.23 -4.78 -5.00 -4.86 -4.38 -3.58 -2.54 -1.31 0.00 1.32 2.55 3.59 4.38 4.86 5.00 4.78 4.23 3.37 ;4.07 4.69 4.98 4.92 4.51 3.78 2.79 1.59 0.29 -1.04 -2.29 -3.38 -4.23 -4.78 -5.00 -4.86 -4.38 -3.58 -2.54 -1.31 0.00 1.32 2.55 3.59 4.38 4.86 5.00 4.78 4.23 3.37 ;4.07 4.69 4.98 4.92 4.51 3.78 2.79 1.59 0.29 -1.04 -2.29 -3.38 -4.23 -4.78 -5.00 -4.86 -4.38 -3.58 -2.54 -1.31 0.00 1.32 2.55 3.59 4.38 4.86 5.00 4.78 4.23 3.37 ;4.07 4.69 4.98 4.92 4.51 3.78 2.79 1.59 0.29 -1.04 -2.29 -3.38 -4.23 -4.78 -5.00 -4.86 -4.38 -3.58 -2.54 -1.31 0.00 1.32 2.55 3.59 4.38 4.86 5.00 4.78 4.23 3.37 ;4.07 4.69 4.98 4.92 4.51 3.78 2.79 1.59 0.29 -1.04 -2.29 -3.38 -4.23 -4.78 -5.00 -4.86 -4.38 -3.58 -2.54 -1.31 0.00 1.32 2.55 3.59 4.38 4.86 5.00 4.78 4.23 3.37 ;4.07 4.69 4.98 4.92 4.51 3.78 2.79 1.59 0.29 -1.04 -2.29 -3.38 -4.23 -4.78 -5.00 -4.86 -4.38 -3.58 -2.54 -1.31 0.00 1.32 2.55 3.59 4.38 4.86 5.00 4.78 4.23 3.37 ;4.07 4.69 4.98 4.92 4.51 3.78 2.79 1.59 0.29 -1.04 -2.29 -3.38 -4.23 -4.78 -5.00 -4.86 -4.38 -3.58 -2.54 -1.31 0.00 1.32 2.55 3.59 4.38 4.86 5.00 4.78 4.23 3.37 ;4.07 4.69 4.98 4.92 4.51 3.78 2.79 1.59 0.29 -1.04 -2.29 -3.38 -4.23 -4.78 -5.00 -4.86 -4.38 -3.58 -2.54 -1.31 0.00 1.32 2.55 3.59 4.38 4.86 5.00 4.78 4.23 3.37 ;4.07 4.69 4.98 4.92 4.51 3.78 2.79 1.59 0.29 -1.04 -2.29 -3.38 -4.23 -4.78 -5.00 -4.86 -4.38 -3.58 -2.54 -1.31 0.00 1.32 2.55 3.59 4.38 4.86 5.00 4.78 4.23 3.37 ;4.07 4.69 4.98 4.92 4.51 3.78 2.79 1.59 0.29 -1.04 -2.29 -3.38 -4.23 -4.78 -5.00 -4.86 -4.38 -3.58 -2.54 -1.31 0.00 1.32 2.55 3.59 4.38 4.86 5.00 4.78 4.23 3.37 ;4.07 4.69 4.98 4.92 4.51 3.78 2.79 1.59 0.29 -1.04 -2.29 -3.38 -4.23 -4.78 -5.00 -4.86 -4.38 -3.58 -2.54 -1.31 0.00 1.32 2.55 3.59 4.38 4.86 5.00 4.78 4.23 3.37 ;4.07 4.69 4.98 4.92 4.51 3.78 2.79 1.59 0.29 -1.04 -2.29 -3.38 -4.23 -4.78 -5.00 -4.86 -4.38 -3.58 -2.54 -1.31 0.00 1.32 2.55 3.59 4.38 4.86 5.00 4.78 4.23 3.37 ;4.07 4.69 4.98 4.92 4.51 3.78 2.79 1.59 0.29 -1.04 -2.29 -3.38 -4.23 -4.78 -5.00 -4.86 -4.38 -3.58 -2.54 -1.31 0.00 1.32 2.55 3.59 4.38 4.86 5.00 4.78 4.23 3.37 ;4.07 4.69 4.98 4.92 4.51 3.78 2.79 1.59 0.29 -1.04 -2.29 -3.38 -4.23 -4.78 -5.00 -4.86 -4.38 -3.58 -2.54 -1.31 0.00 1.32 2.55 3.59 4.38 4.86 5.00 4.78 4.23 3.37 ;4.07 4.69 4.98 4.92 4.51 3.78 2.79 1.59 0.29 -1.04 -2.29 -3.38 -4.23 -4.78 -5.00 -4.86 -4.38 -3.58 -2.54 -1.31 0.00 1.32 2.55 3.59 4.38 4.86 5.00 4.78 4.23 3.37 ;4.07 4.69 4.98 4.92 4.51 3.78 2.79 1.59 0.29 -1.04 -2.29 -3.38 -4.23 -4.78 -5.00 -4.86 -4.38 -3.58 -2.54 -1.31 0.00 1.32 2.55 3.59 4.38 4.86 5.00 4.78 4.23 3.37 ;4.07 4.69 4.98 4.92 4.51 3.78 2.79 1.59 0.29 -1.04 -2.29 -3.38 -4.23 -4.78 -5.00 -4.86 -4.38 -3.58 -2.54 -1.31 0.00 1.32 2.55 3.59 4.38 4.86 5.00 4.78 4.23 3.37 ;4.07 4.69 4.98 4.92 4.51 3.78 2.79 1.59 0.29 -1.04 -2.29 -3.38 -4.23 -4.78 -5.00 -4.86 -4.38 -3.58 -2.54 -1.31 0.00 1.32 2.55 3.59 4.38 4.86 5.00 4.78 4.23 3.37 ;];
