u69 = [3.86 4.56 4.94 4.97 4.65 4.00 3.07 1.92 0.64 -0.69 -1.97 -3.11 -4.04 -4.67 -4.98 -4.93 -4.53 -3.82 -2.83 -1.65 -0.35 0.98 2.24 3.34 4.20 4.77 5.00 4.87 4.40 3.62 ;3.86 4.56 4.94 4.97 4.65 4.00 3.07 1.92 0.64 -0.69 -1.97 -3.11 -4.04 -4.67 -4.98 -4.93 -4.53 -3.82 -2.83 -1.65 -0.35 0.98 2.24 3.34 4.20 4.77 5.00 4.87 4.40 3.62 ;3.86 4.56 4.94 4.97 4.65 4.00 3.07 1.92 0.64 -0.69 -1.97 -3.11 -4.04 -4.67 -4.98 -4.93 -4.53 -3.82 -2.83 -1.65 -0.35 0.98 2.24 3.34 4.20 4.77 5.00 4.87 4.40 3.62 ;3.86 4.56 4.94 4.97 4.65 4.00 3.07 1.92 0.64 -0.69 -1.97 -3.11 -4.04 -4.67 -4.98 -4.93 -4.53 -3.82 -2.83 -1.65 -0.35 0.98 2.24 3.34 4.20 4.77 5.00 4.87 4.40 3.62 ;3.86 4.56 4.94 4.97 4.65 4.00 3.07 1.92 0.64 -0.69 -1.97 -3.11 -4.04 -4.67 -4.98 -4.93 -4.53 -3.82 -2.83 -1.65 -0.35 0.98 2.24 3.34 4.20 4.77 5.00 4.87 4.40 3.62 ;3.86 4.56 4.94 4.97 4.65 4.00 3.07 1.92 0.64 -0.69 -1.97 -3.11 -4.04 -4.67 -4.98 -4.93 -4.53 -3.82 -2.83 -1.65 -0.35 0.98 2.24 3.34 4.20 4.77 5.00 4.87 4.40 3.62 ;3.86 4.56 4.94 4.97 4.65 4.00 3.07 1.92 0.64 -0.69 -1.97 -3.11 -4.04 -4.67 -4.98 -4.93 -4.53 -3.82 -2.83 -1.65 -0.35 0.98 2.24 3.34 4.20 4.77 5.00 4.87 4.40 3.62 ;3.86 4.56 4.94 4.97 4.65 4.00 3.07 1.92 0.64 -0.69 -1.97 -3.11 -4.04 -4.67 -4.98 -4.93 -4.53 -3.82 -2.83 -1.65 -0.35 0.98 2.24 3.34 4.20 4.77 5.00 4.87 4.40 3.62 ;3.86 4.56 4.94 4.97 4.65 4.00 3.07 1.92 0.64 -0.69 -1.97 -3.11 -4.04 -4.67 -4.98 -4.93 -4.53 -3.82 -2.83 -1.65 -0.35 0.98 2.24 3.34 4.20 4.77 5.00 4.87 4.40 3.62 ;3.86 4.56 4.94 4.97 4.65 4.00 3.07 1.92 0.64 -0.69 -1.97 -3.11 -4.04 -4.67 -4.98 -4.93 -4.53 -3.82 -2.83 -1.65 -0.35 0.98 2.24 3.34 4.20 4.77 5.00 4.87 4.40 3.62 ;3.86 4.56 4.94 4.97 4.65 4.00 3.07 1.92 0.64 -0.69 -1.97 -3.11 -4.04 -4.67 -4.98 -4.93 -4.53 -3.82 -2.83 -1.65 -0.35 0.98 2.24 3.34 4.20 4.77 5.00 4.87 4.40 3.62 ;3.86 4.56 4.94 4.97 4.65 4.00 3.07 1.92 0.64 -0.69 -1.97 -3.11 -4.04 -4.67 -4.98 -4.93 -4.53 -3.82 -2.83 -1.65 -0.35 0.98 2.24 3.34 4.20 4.77 5.00 4.87 4.40 3.62 ;3.86 4.56 4.94 4.97 4.65 4.00 3.07 1.92 0.64 -0.69 -1.97 -3.11 -4.04 -4.67 -4.98 -4.93 -4.53 -3.82 -2.83 -1.65 -0.35 0.98 2.24 3.34 4.20 4.77 5.00 4.87 4.40 3.62 ;3.86 4.56 4.94 4.97 4.65 4.00 3.07 1.92 0.64 -0.69 -1.97 -3.11 -4.04 -4.67 -4.98 -4.93 -4.53 -3.82 -2.83 -1.65 -0.35 0.98 2.24 3.34 4.20 4.77 5.00 4.87 4.40 3.62 ;3.86 4.56 4.94 4.97 4.65 4.00 3.07 1.92 0.64 -0.69 -1.97 -3.11 -4.04 -4.67 -4.98 -4.93 -4.53 -3.82 -2.83 -1.65 -0.35 0.98 2.24 3.34 4.20 4.77 5.00 4.87 4.40 3.62 ;3.86 4.56 4.94 4.97 4.65 4.00 3.07 1.92 0.64 -0.69 -1.97 -3.11 -4.04 -4.67 -4.98 -4.93 -4.53 -3.82 -2.83 -1.65 -0.35 0.98 2.24 3.34 4.20 4.77 5.00 4.87 4.40 3.62 ;3.86 4.56 4.94 4.97 4.65 4.00 3.07 1.92 0.64 -0.69 -1.97 -3.11 -4.04 -4.67 -4.98 -4.93 -4.53 -3.82 -2.83 -1.65 -0.35 0.98 2.24 3.34 4.20 4.77 5.00 4.87 4.40 3.62 ;3.86 4.56 4.94 4.97 4.65 4.00 3.07 1.92 0.64 -0.69 -1.97 -3.11 -4.04 -4.67 -4.98 -4.93 -4.53 -3.82 -2.83 -1.65 -0.35 0.98 2.24 3.34 4.20 4.77 5.00 4.87 4.40 3.62 ;3.86 4.56 4.94 4.97 4.65 4.00 3.07 1.92 0.64 -0.69 -1.97 -3.11 -4.04 -4.67 -4.98 -4.93 -4.53 -3.82 -2.83 -1.65 -0.35 0.98 2.24 3.34 4.20 4.77 5.00 4.87 4.40 3.62 ;3.86 4.56 4.94 4.97 4.65 4.00 3.07 1.92 0.64 -0.69 -1.97 -3.11 -4.04 -4.67 -4.98 -4.93 -4.53 -3.82 -2.83 -1.65 -0.35 0.98 2.24 3.34 4.20 4.77 5.00 4.87 4.40 3.62 ;3.86 4.56 4.94 4.97 4.65 4.00 3.07 1.92 0.64 -0.69 -1.97 -3.11 -4.04 -4.67 -4.98 -4.93 -4.53 -3.82 -2.83 -1.65 -0.35 0.98 2.24 3.34 4.20 4.77 5.00 4.87 4.40 3.62 ;3.86 4.56 4.94 4.97 4.65 4.00 3.07 1.92 0.64 -0.69 -1.97 -3.11 -4.04 -4.67 -4.98 -4.93 -4.53 -3.82 -2.83 -1.65 -0.35 0.98 2.24 3.34 4.20 4.77 5.00 4.87 4.40 3.62 ;3.86 4.56 4.94 4.97 4.65 4.00 3.07 1.92 0.64 -0.69 -1.97 -3.11 -4.04 -4.67 -4.98 -4.93 -4.53 -3.82 -2.83 -1.65 -0.35 0.98 2.24 3.34 4.20 4.77 5.00 4.87 4.40 3.62 ;3.86 4.56 4.94 4.97 4.65 4.00 3.07 1.92 0.64 -0.69 -1.97 -3.11 -4.04 -4.67 -4.98 -4.93 -4.53 -3.82 -2.83 -1.65 -0.35 0.98 2.24 3.34 4.20 4.77 5.00 4.87 4.40 3.62 ;3.86 4.56 4.94 4.97 4.65 4.00 3.07 1.92 0.64 -0.69 -1.97 -3.11 -4.04 -4.67 -4.98 -4.93 -4.53 -3.82 -2.83 -1.65 -0.35 0.98 2.24 3.34 4.20 4.77 5.00 4.87 4.40 3.62 ;3.86 4.56 4.94 4.97 4.65 4.00 3.07 1.92 0.64 -0.69 -1.97 -3.11 -4.04 -4.67 -4.98 -4.93 -4.53 -3.82 -2.83 -1.65 -0.35 0.98 2.24 3.34 4.20 4.77 5.00 4.87 4.40 3.62 ;3.86 4.56 4.94 4.97 4.65 4.00 3.07 1.92 0.64 -0.69 -1.97 -3.11 -4.04 -4.67 -4.98 -4.93 -4.53 -3.82 -2.83 -1.65 -0.35 0.98 2.24 3.34 4.20 4.77 5.00 4.87 4.40 3.62 ;3.86 4.56 4.94 4.97 4.65 4.00 3.07 1.92 0.64 -0.69 -1.97 -3.11 -4.04 -4.67 -4.98 -4.93 -4.53 -3.82 -2.83 -1.65 -0.35 0.98 2.24 3.34 4.20 4.77 5.00 4.87 4.40 3.62 ;3.86 4.56 4.94 4.97 4.65 4.00 3.07 1.92 0.64 -0.69 -1.97 -3.11 -4.04 -4.67 -4.98 -4.93 -4.53 -3.82 -2.83 -1.65 -0.35 0.98 2.24 3.34 4.20 4.77 5.00 4.87 4.40 3.62 ;3.86 4.56 4.94 4.97 4.65 4.00 3.07 1.92 0.64 -0.69 -1.97 -3.11 -4.04 -4.67 -4.98 -4.93 -4.53 -3.82 -2.83 -1.65 -0.35 0.98 2.24 3.34 4.20 4.77 5.00 4.87 4.40 3.62 ;];
