u18 = [4.92 4.98 4.69 4.07 3.16 2.03 0.75 -0.58 -1.87 -3.02 -3.97 -4.63 -4.96 -4.95 -4.58 -3.89 -2.93 -1.76 -0.46 0.87 2.13 3.25 4.14 4.73 4.99 4.90 4.46 3.70 2.69 1.48 ;4.92 4.98 4.69 4.07 3.16 2.03 0.75 -0.58 -1.87 -3.02 -3.97 -4.63 -4.96 -4.95 -4.58 -3.89 -2.93 -1.76 -0.46 0.87 2.13 3.25 4.14 4.73 4.99 4.90 4.46 3.70 2.69 1.48 ;4.92 4.98 4.69 4.07 3.16 2.03 0.75 -0.58 -1.87 -3.02 -3.97 -4.63 -4.96 -4.95 -4.58 -3.89 -2.93 -1.76 -0.46 0.87 2.13 3.25 4.14 4.73 4.99 4.90 4.46 3.70 2.69 1.48 ;4.92 4.98 4.69 4.07 3.16 2.03 0.75 -0.58 -1.87 -3.02 -3.97 -4.63 -4.96 -4.95 -4.58 -3.89 -2.93 -1.76 -0.46 0.87 2.13 3.25 4.14 4.73 4.99 4.90 4.46 3.70 2.69 1.48 ;4.92 4.98 4.69 4.07 3.16 2.03 0.75 -0.58 -1.87 -3.02 -3.97 -4.63 -4.96 -4.95 -4.58 -3.89 -2.93 -1.76 -0.46 0.87 2.13 3.25 4.14 4.73 4.99 4.90 4.46 3.70 2.69 1.48 ;4.92 4.98 4.69 4.07 3.16 2.03 0.75 -0.58 -1.87 -3.02 -3.97 -4.63 -4.96 -4.95 -4.58 -3.89 -2.93 -1.76 -0.46 0.87 2.13 3.25 4.14 4.73 4.99 4.90 4.46 3.70 2.69 1.48 ;4.92 4.98 4.69 4.07 3.16 2.03 0.75 -0.58 -1.87 -3.02 -3.97 -4.63 -4.96 -4.95 -4.58 -3.89 -2.93 -1.76 -0.46 0.87 2.13 3.25 4.14 4.73 4.99 4.90 4.46 3.70 2.69 1.48 ;4.92 4.98 4.69 4.07 3.16 2.03 0.75 -0.58 -1.87 -3.02 -3.97 -4.63 -4.96 -4.95 -4.58 -3.89 -2.93 -1.76 -0.46 0.87 2.13 3.25 4.14 4.73 4.99 4.90 4.46 3.70 2.69 1.48 ;4.92 4.98 4.69 4.07 3.16 2.03 0.75 -0.58 -1.87 -3.02 -3.97 -4.63 -4.96 -4.95 -4.58 -3.89 -2.93 -1.76 -0.46 0.87 2.13 3.25 4.14 4.73 4.99 4.90 4.46 3.70 2.69 1.48 ;4.92 4.98 4.69 4.07 3.16 2.03 0.75 -0.58 -1.87 -3.02 -3.97 -4.63 -4.96 -4.95 -4.58 -3.89 -2.93 -1.76 -0.46 0.87 2.13 3.25 4.14 4.73 4.99 4.90 4.46 3.70 2.69 1.48 ;4.92 4.98 4.69 4.07 3.16 2.03 0.75 -0.58 -1.87 -3.02 -3.97 -4.63 -4.96 -4.95 -4.58 -3.89 -2.93 -1.76 -0.46 0.87 2.13 3.25 4.14 4.73 4.99 4.90 4.46 3.70 2.69 1.48 ;4.92 4.98 4.69 4.07 3.16 2.03 0.75 -0.58 -1.87 -3.02 -3.97 -4.63 -4.96 -4.95 -4.58 -3.89 -2.93 -1.76 -0.46 0.87 2.13 3.25 4.14 4.73 4.99 4.90 4.46 3.70 2.69 1.48 ;4.92 4.98 4.69 4.07 3.16 2.03 0.75 -0.58 -1.87 -3.02 -3.97 -4.63 -4.96 -4.95 -4.58 -3.89 -2.93 -1.76 -0.46 0.87 2.13 3.25 4.14 4.73 4.99 4.90 4.46 3.70 2.69 1.48 ;4.92 4.98 4.69 4.07 3.16 2.03 0.75 -0.58 -1.87 -3.02 -3.97 -4.63 -4.96 -4.95 -4.58 -3.89 -2.93 -1.76 -0.46 0.87 2.13 3.25 4.14 4.73 4.99 4.90 4.46 3.70 2.69 1.48 ;4.92 4.98 4.69 4.07 3.16 2.03 0.75 -0.58 -1.87 -3.02 -3.97 -4.63 -4.96 -4.95 -4.58 -3.89 -2.93 -1.76 -0.46 0.87 2.13 3.25 4.14 4.73 4.99 4.90 4.46 3.70 2.69 1.48 ;4.92 4.98 4.69 4.07 3.16 2.03 0.75 -0.58 -1.87 -3.02 -3.97 -4.63 -4.96 -4.95 -4.58 -3.89 -2.93 -1.76 -0.46 0.87 2.13 3.25 4.14 4.73 4.99 4.90 4.46 3.70 2.69 1.48 ;4.92 4.98 4.69 4.07 3.16 2.03 0.75 -0.58 -1.87 -3.02 -3.97 -4.63 -4.96 -4.95 -4.58 -3.89 -2.93 -1.76 -0.46 0.87 2.13 3.25 4.14 4.73 4.99 4.90 4.46 3.70 2.69 1.48 ;4.92 4.98 4.69 4.07 3.16 2.03 0.75 -0.58 -1.87 -3.02 -3.97 -4.63 -4.96 -4.95 -4.58 -3.89 -2.93 -1.76 -0.46 0.87 2.13 3.25 4.14 4.73 4.99 4.90 4.46 3.70 2.69 1.48 ;4.92 4.98 4.69 4.07 3.16 2.03 0.75 -0.58 -1.87 -3.02 -3.97 -4.63 -4.96 -4.95 -4.58 -3.89 -2.93 -1.76 -0.46 0.87 2.13 3.25 4.14 4.73 4.99 4.90 4.46 3.70 2.69 1.48 ;4.92 4.98 4.69 4.07 3.16 2.03 0.75 -0.58 -1.87 -3.02 -3.97 -4.63 -4.96 -4.95 -4.58 -3.89 -2.93 -1.76 -0.46 0.87 2.13 3.25 4.14 4.73 4.99 4.90 4.46 3.70 2.69 1.48 ;4.92 4.98 4.69 4.07 3.16 2.03 0.75 -0.58 -1.87 -3.02 -3.97 -4.63 -4.96 -4.95 -4.58 -3.89 -2.93 -1.76 -0.46 0.87 2.13 3.25 4.14 4.73 4.99 4.90 4.46 3.70 2.69 1.48 ;4.92 4.98 4.69 4.07 3.16 2.03 0.75 -0.58 -1.87 -3.02 -3.97 -4.63 -4.96 -4.95 -4.58 -3.89 -2.93 -1.76 -0.46 0.87 2.13 3.25 4.14 4.73 4.99 4.90 4.46 3.70 2.69 1.48 ;4.92 4.98 4.69 4.07 3.16 2.03 0.75 -0.58 -1.87 -3.02 -3.97 -4.63 -4.96 -4.95 -4.58 -3.89 -2.93 -1.76 -0.46 0.87 2.13 3.25 4.14 4.73 4.99 4.90 4.46 3.70 2.69 1.48 ;4.92 4.98 4.69 4.07 3.16 2.03 0.75 -0.58 -1.87 -3.02 -3.97 -4.63 -4.96 -4.95 -4.58 -3.89 -2.93 -1.76 -0.46 0.87 2.13 3.25 4.14 4.73 4.99 4.90 4.46 3.70 2.69 1.48 ;4.92 4.98 4.69 4.07 3.16 2.03 0.75 -0.58 -1.87 -3.02 -3.97 -4.63 -4.96 -4.95 -4.58 -3.89 -2.93 -1.76 -0.46 0.87 2.13 3.25 4.14 4.73 4.99 4.90 4.46 3.70 2.69 1.48 ;4.92 4.98 4.69 4.07 3.16 2.03 0.75 -0.58 -1.87 -3.02 -3.97 -4.63 -4.96 -4.95 -4.58 -3.89 -2.93 -1.76 -0.46 0.87 2.13 3.25 4.14 4.73 4.99 4.90 4.46 3.70 2.69 1.48 ;4.92 4.98 4.69 4.07 3.16 2.03 0.75 -0.58 -1.87 -3.02 -3.97 -4.63 -4.96 -4.95 -4.58 -3.89 -2.93 -1.76 -0.46 0.87 2.13 3.25 4.14 4.73 4.99 4.90 4.46 3.70 2.69 1.48 ;4.92 4.98 4.69 4.07 3.16 2.03 0.75 -0.58 -1.87 -3.02 -3.97 -4.63 -4.96 -4.95 -4.58 -3.89 -2.93 -1.76 -0.46 0.87 2.13 3.25 4.14 4.73 4.99 4.90 4.46 3.70 2.69 1.48 ;4.92 4.98 4.69 4.07 3.16 2.03 0.75 -0.58 -1.87 -3.02 -3.97 -4.63 -4.96 -4.95 -4.58 -3.89 -2.93 -1.76 -0.46 0.87 2.13 3.25 4.14 4.73 4.99 4.90 4.46 3.70 2.69 1.48 ;4.92 4.98 4.69 4.07 3.16 2.03 0.75 -0.58 -1.87 -3.02 -3.97 -4.63 -4.96 -4.95 -4.58 -3.89 -2.93 -1.76 -0.46 0.87 2.13 3.25 4.14 4.73 4.99 4.90 4.46 3.70 2.69 1.48 ;];
