u44 = [4.52 4.93 4.98 4.68 4.05 3.13 2.00 0.72 -0.61 -1.90 -3.05 -3.99 -4.64 -4.97 -4.94 -4.57 -3.87 -2.90 -1.73 -0.43 0.90 2.16 3.28 4.16 4.74 4.99 4.89 4.44 3.68 2.66 ;4.52 4.93 4.98 4.68 4.05 3.13 2.00 0.72 -0.61 -1.90 -3.05 -3.99 -4.64 -4.97 -4.94 -4.57 -3.87 -2.90 -1.73 -0.43 0.90 2.16 3.28 4.16 4.74 4.99 4.89 4.44 3.68 2.66 ;4.52 4.93 4.98 4.68 4.05 3.13 2.00 0.72 -0.61 -1.90 -3.05 -3.99 -4.64 -4.97 -4.94 -4.57 -3.87 -2.90 -1.73 -0.43 0.90 2.16 3.28 4.16 4.74 4.99 4.89 4.44 3.68 2.66 ;4.52 4.93 4.98 4.68 4.05 3.13 2.00 0.72 -0.61 -1.90 -3.05 -3.99 -4.64 -4.97 -4.94 -4.57 -3.87 -2.90 -1.73 -0.43 0.90 2.16 3.28 4.16 4.74 4.99 4.89 4.44 3.68 2.66 ;4.52 4.93 4.98 4.68 4.05 3.13 2.00 0.72 -0.61 -1.90 -3.05 -3.99 -4.64 -4.97 -4.94 -4.57 -3.87 -2.90 -1.73 -0.43 0.90 2.16 3.28 4.16 4.74 4.99 4.89 4.44 3.68 2.66 ;4.52 4.93 4.98 4.68 4.05 3.13 2.00 0.72 -0.61 -1.90 -3.05 -3.99 -4.64 -4.97 -4.94 -4.57 -3.87 -2.90 -1.73 -0.43 0.90 2.16 3.28 4.16 4.74 4.99 4.89 4.44 3.68 2.66 ;4.52 4.93 4.98 4.68 4.05 3.13 2.00 0.72 -0.61 -1.90 -3.05 -3.99 -4.64 -4.97 -4.94 -4.57 -3.87 -2.90 -1.73 -0.43 0.90 2.16 3.28 4.16 4.74 4.99 4.89 4.44 3.68 2.66 ;4.52 4.93 4.98 4.68 4.05 3.13 2.00 0.72 -0.61 -1.90 -3.05 -3.99 -4.64 -4.97 -4.94 -4.57 -3.87 -2.90 -1.73 -0.43 0.90 2.16 3.28 4.16 4.74 4.99 4.89 4.44 3.68 2.66 ;4.52 4.93 4.98 4.68 4.05 3.13 2.00 0.72 -0.61 -1.90 -3.05 -3.99 -4.64 -4.97 -4.94 -4.57 -3.87 -2.90 -1.73 -0.43 0.90 2.16 3.28 4.16 4.74 4.99 4.89 4.44 3.68 2.66 ;4.52 4.93 4.98 4.68 4.05 3.13 2.00 0.72 -0.61 -1.90 -3.05 -3.99 -4.64 -4.97 -4.94 -4.57 -3.87 -2.90 -1.73 -0.43 0.90 2.16 3.28 4.16 4.74 4.99 4.89 4.44 3.68 2.66 ;4.52 4.93 4.98 4.68 4.05 3.13 2.00 0.72 -0.61 -1.90 -3.05 -3.99 -4.64 -4.97 -4.94 -4.57 -3.87 -2.90 -1.73 -0.43 0.90 2.16 3.28 4.16 4.74 4.99 4.89 4.44 3.68 2.66 ;4.52 4.93 4.98 4.68 4.05 3.13 2.00 0.72 -0.61 -1.90 -3.05 -3.99 -4.64 -4.97 -4.94 -4.57 -3.87 -2.90 -1.73 -0.43 0.90 2.16 3.28 4.16 4.74 4.99 4.89 4.44 3.68 2.66 ;4.52 4.93 4.98 4.68 4.05 3.13 2.00 0.72 -0.61 -1.90 -3.05 -3.99 -4.64 -4.97 -4.94 -4.57 -3.87 -2.90 -1.73 -0.43 0.90 2.16 3.28 4.16 4.74 4.99 4.89 4.44 3.68 2.66 ;4.52 4.93 4.98 4.68 4.05 3.13 2.00 0.72 -0.61 -1.90 -3.05 -3.99 -4.64 -4.97 -4.94 -4.57 -3.87 -2.90 -1.73 -0.43 0.90 2.16 3.28 4.16 4.74 4.99 4.89 4.44 3.68 2.66 ;4.52 4.93 4.98 4.68 4.05 3.13 2.00 0.72 -0.61 -1.90 -3.05 -3.99 -4.64 -4.97 -4.94 -4.57 -3.87 -2.90 -1.73 -0.43 0.90 2.16 3.28 4.16 4.74 4.99 4.89 4.44 3.68 2.66 ;4.52 4.93 4.98 4.68 4.05 3.13 2.00 0.72 -0.61 -1.90 -3.05 -3.99 -4.64 -4.97 -4.94 -4.57 -3.87 -2.90 -1.73 -0.43 0.90 2.16 3.28 4.16 4.74 4.99 4.89 4.44 3.68 2.66 ;4.52 4.93 4.98 4.68 4.05 3.13 2.00 0.72 -0.61 -1.90 -3.05 -3.99 -4.64 -4.97 -4.94 -4.57 -3.87 -2.90 -1.73 -0.43 0.90 2.16 3.28 4.16 4.74 4.99 4.89 4.44 3.68 2.66 ;4.52 4.93 4.98 4.68 4.05 3.13 2.00 0.72 -0.61 -1.90 -3.05 -3.99 -4.64 -4.97 -4.94 -4.57 -3.87 -2.90 -1.73 -0.43 0.90 2.16 3.28 4.16 4.74 4.99 4.89 4.44 3.68 2.66 ;4.52 4.93 4.98 4.68 4.05 3.13 2.00 0.72 -0.61 -1.90 -3.05 -3.99 -4.64 -4.97 -4.94 -4.57 -3.87 -2.90 -1.73 -0.43 0.90 2.16 3.28 4.16 4.74 4.99 4.89 4.44 3.68 2.66 ;4.52 4.93 4.98 4.68 4.05 3.13 2.00 0.72 -0.61 -1.90 -3.05 -3.99 -4.64 -4.97 -4.94 -4.57 -3.87 -2.90 -1.73 -0.43 0.90 2.16 3.28 4.16 4.74 4.99 4.89 4.44 3.68 2.66 ;4.52 4.93 4.98 4.68 4.05 3.13 2.00 0.72 -0.61 -1.90 -3.05 -3.99 -4.64 -4.97 -4.94 -4.57 -3.87 -2.90 -1.73 -0.43 0.90 2.16 3.28 4.16 4.74 4.99 4.89 4.44 3.68 2.66 ;4.52 4.93 4.98 4.68 4.05 3.13 2.00 0.72 -0.61 -1.90 -3.05 -3.99 -4.64 -4.97 -4.94 -4.57 -3.87 -2.90 -1.73 -0.43 0.90 2.16 3.28 4.16 4.74 4.99 4.89 4.44 3.68 2.66 ;4.52 4.93 4.98 4.68 4.05 3.13 2.00 0.72 -0.61 -1.90 -3.05 -3.99 -4.64 -4.97 -4.94 -4.57 -3.87 -2.90 -1.73 -0.43 0.90 2.16 3.28 4.16 4.74 4.99 4.89 4.44 3.68 2.66 ;4.52 4.93 4.98 4.68 4.05 3.13 2.00 0.72 -0.61 -1.90 -3.05 -3.99 -4.64 -4.97 -4.94 -4.57 -3.87 -2.90 -1.73 -0.43 0.90 2.16 3.28 4.16 4.74 4.99 4.89 4.44 3.68 2.66 ;4.52 4.93 4.98 4.68 4.05 3.13 2.00 0.72 -0.61 -1.90 -3.05 -3.99 -4.64 -4.97 -4.94 -4.57 -3.87 -2.90 -1.73 -0.43 0.90 2.16 3.28 4.16 4.74 4.99 4.89 4.44 3.68 2.66 ;4.52 4.93 4.98 4.68 4.05 3.13 2.00 0.72 -0.61 -1.90 -3.05 -3.99 -4.64 -4.97 -4.94 -4.57 -3.87 -2.90 -1.73 -0.43 0.90 2.16 3.28 4.16 4.74 4.99 4.89 4.44 3.68 2.66 ;4.52 4.93 4.98 4.68 4.05 3.13 2.00 0.72 -0.61 -1.90 -3.05 -3.99 -4.64 -4.97 -4.94 -4.57 -3.87 -2.90 -1.73 -0.43 0.90 2.16 3.28 4.16 4.74 4.99 4.89 4.44 3.68 2.66 ;4.52 4.93 4.98 4.68 4.05 3.13 2.00 0.72 -0.61 -1.90 -3.05 -3.99 -4.64 -4.97 -4.94 -4.57 -3.87 -2.90 -1.73 -0.43 0.90 2.16 3.28 4.16 4.74 4.99 4.89 4.44 3.68 2.66 ;4.52 4.93 4.98 4.68 4.05 3.13 2.00 0.72 -0.61 -1.90 -3.05 -3.99 -4.64 -4.97 -4.94 -4.57 -3.87 -2.90 -1.73 -0.43 0.90 2.16 3.28 4.16 4.74 4.99 4.89 4.44 3.68 2.66 ;4.52 4.93 4.98 4.68 4.05 3.13 2.00 0.72 -0.61 -1.90 -3.05 -3.99 -4.64 -4.97 -4.94 -4.57 -3.87 -2.90 -1.73 -0.43 0.90 2.16 3.28 4.16 4.74 4.99 4.89 4.44 3.68 2.66 ;];
