u37 = [4.66 4.97 4.93 4.54 3.83 2.85 1.67 0.37 -0.96 -2.22 -3.32 -4.19 -4.76 -4.99 -4.88 -4.42 -3.64 -2.61 -1.39 -0.08 1.24 2.47 3.53 4.34 4.84 5.00 4.81 4.27 3.43 2.36 ;4.66 4.97 4.93 4.54 3.83 2.85 1.67 0.37 -0.96 -2.22 -3.32 -4.19 -4.76 -4.99 -4.88 -4.42 -3.64 -2.61 -1.39 -0.08 1.24 2.47 3.53 4.34 4.84 5.00 4.81 4.27 3.43 2.36 ;4.66 4.97 4.93 4.54 3.83 2.85 1.67 0.37 -0.96 -2.22 -3.32 -4.19 -4.76 -4.99 -4.88 -4.42 -3.64 -2.61 -1.39 -0.08 1.24 2.47 3.53 4.34 4.84 5.00 4.81 4.27 3.43 2.36 ;4.66 4.97 4.93 4.54 3.83 2.85 1.67 0.37 -0.96 -2.22 -3.32 -4.19 -4.76 -4.99 -4.88 -4.42 -3.64 -2.61 -1.39 -0.08 1.24 2.47 3.53 4.34 4.84 5.00 4.81 4.27 3.43 2.36 ;4.66 4.97 4.93 4.54 3.83 2.85 1.67 0.37 -0.96 -2.22 -3.32 -4.19 -4.76 -4.99 -4.88 -4.42 -3.64 -2.61 -1.39 -0.08 1.24 2.47 3.53 4.34 4.84 5.00 4.81 4.27 3.43 2.36 ;4.66 4.97 4.93 4.54 3.83 2.85 1.67 0.37 -0.96 -2.22 -3.32 -4.19 -4.76 -4.99 -4.88 -4.42 -3.64 -2.61 -1.39 -0.08 1.24 2.47 3.53 4.34 4.84 5.00 4.81 4.27 3.43 2.36 ;4.66 4.97 4.93 4.54 3.83 2.85 1.67 0.37 -0.96 -2.22 -3.32 -4.19 -4.76 -4.99 -4.88 -4.42 -3.64 -2.61 -1.39 -0.08 1.24 2.47 3.53 4.34 4.84 5.00 4.81 4.27 3.43 2.36 ;4.66 4.97 4.93 4.54 3.83 2.85 1.67 0.37 -0.96 -2.22 -3.32 -4.19 -4.76 -4.99 -4.88 -4.42 -3.64 -2.61 -1.39 -0.08 1.24 2.47 3.53 4.34 4.84 5.00 4.81 4.27 3.43 2.36 ;4.66 4.97 4.93 4.54 3.83 2.85 1.67 0.37 -0.96 -2.22 -3.32 -4.19 -4.76 -4.99 -4.88 -4.42 -3.64 -2.61 -1.39 -0.08 1.24 2.47 3.53 4.34 4.84 5.00 4.81 4.27 3.43 2.36 ;4.66 4.97 4.93 4.54 3.83 2.85 1.67 0.37 -0.96 -2.22 -3.32 -4.19 -4.76 -4.99 -4.88 -4.42 -3.64 -2.61 -1.39 -0.08 1.24 2.47 3.53 4.34 4.84 5.00 4.81 4.27 3.43 2.36 ;4.66 4.97 4.93 4.54 3.83 2.85 1.67 0.37 -0.96 -2.22 -3.32 -4.19 -4.76 -4.99 -4.88 -4.42 -3.64 -2.61 -1.39 -0.08 1.24 2.47 3.53 4.34 4.84 5.00 4.81 4.27 3.43 2.36 ;4.66 4.97 4.93 4.54 3.83 2.85 1.67 0.37 -0.96 -2.22 -3.32 -4.19 -4.76 -4.99 -4.88 -4.42 -3.64 -2.61 -1.39 -0.08 1.24 2.47 3.53 4.34 4.84 5.00 4.81 4.27 3.43 2.36 ;4.66 4.97 4.93 4.54 3.83 2.85 1.67 0.37 -0.96 -2.22 -3.32 -4.19 -4.76 -4.99 -4.88 -4.42 -3.64 -2.61 -1.39 -0.08 1.24 2.47 3.53 4.34 4.84 5.00 4.81 4.27 3.43 2.36 ;4.66 4.97 4.93 4.54 3.83 2.85 1.67 0.37 -0.96 -2.22 -3.32 -4.19 -4.76 -4.99 -4.88 -4.42 -3.64 -2.61 -1.39 -0.08 1.24 2.47 3.53 4.34 4.84 5.00 4.81 4.27 3.43 2.36 ;4.66 4.97 4.93 4.54 3.83 2.85 1.67 0.37 -0.96 -2.22 -3.32 -4.19 -4.76 -4.99 -4.88 -4.42 -3.64 -2.61 -1.39 -0.08 1.24 2.47 3.53 4.34 4.84 5.00 4.81 4.27 3.43 2.36 ;4.66 4.97 4.93 4.54 3.83 2.85 1.67 0.37 -0.96 -2.22 -3.32 -4.19 -4.76 -4.99 -4.88 -4.42 -3.64 -2.61 -1.39 -0.08 1.24 2.47 3.53 4.34 4.84 5.00 4.81 4.27 3.43 2.36 ;4.66 4.97 4.93 4.54 3.83 2.85 1.67 0.37 -0.96 -2.22 -3.32 -4.19 -4.76 -4.99 -4.88 -4.42 -3.64 -2.61 -1.39 -0.08 1.24 2.47 3.53 4.34 4.84 5.00 4.81 4.27 3.43 2.36 ;4.66 4.97 4.93 4.54 3.83 2.85 1.67 0.37 -0.96 -2.22 -3.32 -4.19 -4.76 -4.99 -4.88 -4.42 -3.64 -2.61 -1.39 -0.08 1.24 2.47 3.53 4.34 4.84 5.00 4.81 4.27 3.43 2.36 ;4.66 4.97 4.93 4.54 3.83 2.85 1.67 0.37 -0.96 -2.22 -3.32 -4.19 -4.76 -4.99 -4.88 -4.42 -3.64 -2.61 -1.39 -0.08 1.24 2.47 3.53 4.34 4.84 5.00 4.81 4.27 3.43 2.36 ;4.66 4.97 4.93 4.54 3.83 2.85 1.67 0.37 -0.96 -2.22 -3.32 -4.19 -4.76 -4.99 -4.88 -4.42 -3.64 -2.61 -1.39 -0.08 1.24 2.47 3.53 4.34 4.84 5.00 4.81 4.27 3.43 2.36 ;4.66 4.97 4.93 4.54 3.83 2.85 1.67 0.37 -0.96 -2.22 -3.32 -4.19 -4.76 -4.99 -4.88 -4.42 -3.64 -2.61 -1.39 -0.08 1.24 2.47 3.53 4.34 4.84 5.00 4.81 4.27 3.43 2.36 ;4.66 4.97 4.93 4.54 3.83 2.85 1.67 0.37 -0.96 -2.22 -3.32 -4.19 -4.76 -4.99 -4.88 -4.42 -3.64 -2.61 -1.39 -0.08 1.24 2.47 3.53 4.34 4.84 5.00 4.81 4.27 3.43 2.36 ;4.66 4.97 4.93 4.54 3.83 2.85 1.67 0.37 -0.96 -2.22 -3.32 -4.19 -4.76 -4.99 -4.88 -4.42 -3.64 -2.61 -1.39 -0.08 1.24 2.47 3.53 4.34 4.84 5.00 4.81 4.27 3.43 2.36 ;4.66 4.97 4.93 4.54 3.83 2.85 1.67 0.37 -0.96 -2.22 -3.32 -4.19 -4.76 -4.99 -4.88 -4.42 -3.64 -2.61 -1.39 -0.08 1.24 2.47 3.53 4.34 4.84 5.00 4.81 4.27 3.43 2.36 ;4.66 4.97 4.93 4.54 3.83 2.85 1.67 0.37 -0.96 -2.22 -3.32 -4.19 -4.76 -4.99 -4.88 -4.42 -3.64 -2.61 -1.39 -0.08 1.24 2.47 3.53 4.34 4.84 5.00 4.81 4.27 3.43 2.36 ;4.66 4.97 4.93 4.54 3.83 2.85 1.67 0.37 -0.96 -2.22 -3.32 -4.19 -4.76 -4.99 -4.88 -4.42 -3.64 -2.61 -1.39 -0.08 1.24 2.47 3.53 4.34 4.84 5.00 4.81 4.27 3.43 2.36 ;4.66 4.97 4.93 4.54 3.83 2.85 1.67 0.37 -0.96 -2.22 -3.32 -4.19 -4.76 -4.99 -4.88 -4.42 -3.64 -2.61 -1.39 -0.08 1.24 2.47 3.53 4.34 4.84 5.00 4.81 4.27 3.43 2.36 ;4.66 4.97 4.93 4.54 3.83 2.85 1.67 0.37 -0.96 -2.22 -3.32 -4.19 -4.76 -4.99 -4.88 -4.42 -3.64 -2.61 -1.39 -0.08 1.24 2.47 3.53 4.34 4.84 5.00 4.81 4.27 3.43 2.36 ;4.66 4.97 4.93 4.54 3.83 2.85 1.67 0.37 -0.96 -2.22 -3.32 -4.19 -4.76 -4.99 -4.88 -4.42 -3.64 -2.61 -1.39 -0.08 1.24 2.47 3.53 4.34 4.84 5.00 4.81 4.27 3.43 2.36 ;4.66 4.97 4.93 4.54 3.83 2.85 1.67 0.37 -0.96 -2.22 -3.32 -4.19 -4.76 -4.99 -4.88 -4.42 -3.64 -2.61 -1.39 -0.08 1.24 2.47 3.53 4.34 4.84 5.00 4.81 4.27 3.43 2.36 ;];
