u58 = [4.18 4.76 4.99 4.88 4.42 3.65 2.62 1.40 0.09 -1.23 -2.47 -3.53 -4.34 -4.84 -5.00 -4.81 -4.28 -3.44 -2.36 -1.12 0.20 1.51 2.72 3.73 4.47 4.90 4.99 4.72 4.12 3.22 ;4.18 4.76 4.99 4.88 4.42 3.65 2.62 1.40 0.09 -1.23 -2.47 -3.53 -4.34 -4.84 -5.00 -4.81 -4.28 -3.44 -2.36 -1.12 0.20 1.51 2.72 3.73 4.47 4.90 4.99 4.72 4.12 3.22 ;4.18 4.76 4.99 4.88 4.42 3.65 2.62 1.40 0.09 -1.23 -2.47 -3.53 -4.34 -4.84 -5.00 -4.81 -4.28 -3.44 -2.36 -1.12 0.20 1.51 2.72 3.73 4.47 4.90 4.99 4.72 4.12 3.22 ;4.18 4.76 4.99 4.88 4.42 3.65 2.62 1.40 0.09 -1.23 -2.47 -3.53 -4.34 -4.84 -5.00 -4.81 -4.28 -3.44 -2.36 -1.12 0.20 1.51 2.72 3.73 4.47 4.90 4.99 4.72 4.12 3.22 ;4.18 4.76 4.99 4.88 4.42 3.65 2.62 1.40 0.09 -1.23 -2.47 -3.53 -4.34 -4.84 -5.00 -4.81 -4.28 -3.44 -2.36 -1.12 0.20 1.51 2.72 3.73 4.47 4.90 4.99 4.72 4.12 3.22 ;4.18 4.76 4.99 4.88 4.42 3.65 2.62 1.40 0.09 -1.23 -2.47 -3.53 -4.34 -4.84 -5.00 -4.81 -4.28 -3.44 -2.36 -1.12 0.20 1.51 2.72 3.73 4.47 4.90 4.99 4.72 4.12 3.22 ;4.18 4.76 4.99 4.88 4.42 3.65 2.62 1.40 0.09 -1.23 -2.47 -3.53 -4.34 -4.84 -5.00 -4.81 -4.28 -3.44 -2.36 -1.12 0.20 1.51 2.72 3.73 4.47 4.90 4.99 4.72 4.12 3.22 ;4.18 4.76 4.99 4.88 4.42 3.65 2.62 1.40 0.09 -1.23 -2.47 -3.53 -4.34 -4.84 -5.00 -4.81 -4.28 -3.44 -2.36 -1.12 0.20 1.51 2.72 3.73 4.47 4.90 4.99 4.72 4.12 3.22 ;4.18 4.76 4.99 4.88 4.42 3.65 2.62 1.40 0.09 -1.23 -2.47 -3.53 -4.34 -4.84 -5.00 -4.81 -4.28 -3.44 -2.36 -1.12 0.20 1.51 2.72 3.73 4.47 4.90 4.99 4.72 4.12 3.22 ;4.18 4.76 4.99 4.88 4.42 3.65 2.62 1.40 0.09 -1.23 -2.47 -3.53 -4.34 -4.84 -5.00 -4.81 -4.28 -3.44 -2.36 -1.12 0.20 1.51 2.72 3.73 4.47 4.90 4.99 4.72 4.12 3.22 ;4.18 4.76 4.99 4.88 4.42 3.65 2.62 1.40 0.09 -1.23 -2.47 -3.53 -4.34 -4.84 -5.00 -4.81 -4.28 -3.44 -2.36 -1.12 0.20 1.51 2.72 3.73 4.47 4.90 4.99 4.72 4.12 3.22 ;4.18 4.76 4.99 4.88 4.42 3.65 2.62 1.40 0.09 -1.23 -2.47 -3.53 -4.34 -4.84 -5.00 -4.81 -4.28 -3.44 -2.36 -1.12 0.20 1.51 2.72 3.73 4.47 4.90 4.99 4.72 4.12 3.22 ;4.18 4.76 4.99 4.88 4.42 3.65 2.62 1.40 0.09 -1.23 -2.47 -3.53 -4.34 -4.84 -5.00 -4.81 -4.28 -3.44 -2.36 -1.12 0.20 1.51 2.72 3.73 4.47 4.90 4.99 4.72 4.12 3.22 ;4.18 4.76 4.99 4.88 4.42 3.65 2.62 1.40 0.09 -1.23 -2.47 -3.53 -4.34 -4.84 -5.00 -4.81 -4.28 -3.44 -2.36 -1.12 0.20 1.51 2.72 3.73 4.47 4.90 4.99 4.72 4.12 3.22 ;4.18 4.76 4.99 4.88 4.42 3.65 2.62 1.40 0.09 -1.23 -2.47 -3.53 -4.34 -4.84 -5.00 -4.81 -4.28 -3.44 -2.36 -1.12 0.20 1.51 2.72 3.73 4.47 4.90 4.99 4.72 4.12 3.22 ;4.18 4.76 4.99 4.88 4.42 3.65 2.62 1.40 0.09 -1.23 -2.47 -3.53 -4.34 -4.84 -5.00 -4.81 -4.28 -3.44 -2.36 -1.12 0.20 1.51 2.72 3.73 4.47 4.90 4.99 4.72 4.12 3.22 ;4.18 4.76 4.99 4.88 4.42 3.65 2.62 1.40 0.09 -1.23 -2.47 -3.53 -4.34 -4.84 -5.00 -4.81 -4.28 -3.44 -2.36 -1.12 0.20 1.51 2.72 3.73 4.47 4.90 4.99 4.72 4.12 3.22 ;4.18 4.76 4.99 4.88 4.42 3.65 2.62 1.40 0.09 -1.23 -2.47 -3.53 -4.34 -4.84 -5.00 -4.81 -4.28 -3.44 -2.36 -1.12 0.20 1.51 2.72 3.73 4.47 4.90 4.99 4.72 4.12 3.22 ;4.18 4.76 4.99 4.88 4.42 3.65 2.62 1.40 0.09 -1.23 -2.47 -3.53 -4.34 -4.84 -5.00 -4.81 -4.28 -3.44 -2.36 -1.12 0.20 1.51 2.72 3.73 4.47 4.90 4.99 4.72 4.12 3.22 ;4.18 4.76 4.99 4.88 4.42 3.65 2.62 1.40 0.09 -1.23 -2.47 -3.53 -4.34 -4.84 -5.00 -4.81 -4.28 -3.44 -2.36 -1.12 0.20 1.51 2.72 3.73 4.47 4.90 4.99 4.72 4.12 3.22 ;4.18 4.76 4.99 4.88 4.42 3.65 2.62 1.40 0.09 -1.23 -2.47 -3.53 -4.34 -4.84 -5.00 -4.81 -4.28 -3.44 -2.36 -1.12 0.20 1.51 2.72 3.73 4.47 4.90 4.99 4.72 4.12 3.22 ;4.18 4.76 4.99 4.88 4.42 3.65 2.62 1.40 0.09 -1.23 -2.47 -3.53 -4.34 -4.84 -5.00 -4.81 -4.28 -3.44 -2.36 -1.12 0.20 1.51 2.72 3.73 4.47 4.90 4.99 4.72 4.12 3.22 ;4.18 4.76 4.99 4.88 4.42 3.65 2.62 1.40 0.09 -1.23 -2.47 -3.53 -4.34 -4.84 -5.00 -4.81 -4.28 -3.44 -2.36 -1.12 0.20 1.51 2.72 3.73 4.47 4.90 4.99 4.72 4.12 3.22 ;4.18 4.76 4.99 4.88 4.42 3.65 2.62 1.40 0.09 -1.23 -2.47 -3.53 -4.34 -4.84 -5.00 -4.81 -4.28 -3.44 -2.36 -1.12 0.20 1.51 2.72 3.73 4.47 4.90 4.99 4.72 4.12 3.22 ;4.18 4.76 4.99 4.88 4.42 3.65 2.62 1.40 0.09 -1.23 -2.47 -3.53 -4.34 -4.84 -5.00 -4.81 -4.28 -3.44 -2.36 -1.12 0.20 1.51 2.72 3.73 4.47 4.90 4.99 4.72 4.12 3.22 ;4.18 4.76 4.99 4.88 4.42 3.65 2.62 1.40 0.09 -1.23 -2.47 -3.53 -4.34 -4.84 -5.00 -4.81 -4.28 -3.44 -2.36 -1.12 0.20 1.51 2.72 3.73 4.47 4.90 4.99 4.72 4.12 3.22 ;4.18 4.76 4.99 4.88 4.42 3.65 2.62 1.40 0.09 -1.23 -2.47 -3.53 -4.34 -4.84 -5.00 -4.81 -4.28 -3.44 -2.36 -1.12 0.20 1.51 2.72 3.73 4.47 4.90 4.99 4.72 4.12 3.22 ;4.18 4.76 4.99 4.88 4.42 3.65 2.62 1.40 0.09 -1.23 -2.47 -3.53 -4.34 -4.84 -5.00 -4.81 -4.28 -3.44 -2.36 -1.12 0.20 1.51 2.72 3.73 4.47 4.90 4.99 4.72 4.12 3.22 ;4.18 4.76 4.99 4.88 4.42 3.65 2.62 1.40 0.09 -1.23 -2.47 -3.53 -4.34 -4.84 -5.00 -4.81 -4.28 -3.44 -2.36 -1.12 0.20 1.51 2.72 3.73 4.47 4.90 4.99 4.72 4.12 3.22 ;4.18 4.76 4.99 4.88 4.42 3.65 2.62 1.40 0.09 -1.23 -2.47 -3.53 -4.34 -4.84 -5.00 -4.81 -4.28 -3.44 -2.36 -1.12 0.20 1.51 2.72 3.73 4.47 4.90 4.99 4.72 4.12 3.22 ;];
