u14 = [4.95 4.96 4.62 3.95 3.00 1.84 0.55 -0.78 -2.05 -3.18 -4.08 -4.70 -4.98 -4.91 -4.50 -3.76 -2.76 -1.57 -0.26 1.06 2.31 3.40 4.25 4.79 5.00 4.85 4.36 3.57 2.52 1.29 ;4.95 4.96 4.62 3.95 3.00 1.84 0.55 -0.78 -2.05 -3.18 -4.08 -4.70 -4.98 -4.91 -4.50 -3.76 -2.76 -1.57 -0.26 1.06 2.31 3.40 4.25 4.79 5.00 4.85 4.36 3.57 2.52 1.29 ;4.95 4.96 4.62 3.95 3.00 1.84 0.55 -0.78 -2.05 -3.18 -4.08 -4.70 -4.98 -4.91 -4.50 -3.76 -2.76 -1.57 -0.26 1.06 2.31 3.40 4.25 4.79 5.00 4.85 4.36 3.57 2.52 1.29 ;4.95 4.96 4.62 3.95 3.00 1.84 0.55 -0.78 -2.05 -3.18 -4.08 -4.70 -4.98 -4.91 -4.50 -3.76 -2.76 -1.57 -0.26 1.06 2.31 3.40 4.25 4.79 5.00 4.85 4.36 3.57 2.52 1.29 ;4.95 4.96 4.62 3.95 3.00 1.84 0.55 -0.78 -2.05 -3.18 -4.08 -4.70 -4.98 -4.91 -4.50 -3.76 -2.76 -1.57 -0.26 1.06 2.31 3.40 4.25 4.79 5.00 4.85 4.36 3.57 2.52 1.29 ;4.95 4.96 4.62 3.95 3.00 1.84 0.55 -0.78 -2.05 -3.18 -4.08 -4.70 -4.98 -4.91 -4.50 -3.76 -2.76 -1.57 -0.26 1.06 2.31 3.40 4.25 4.79 5.00 4.85 4.36 3.57 2.52 1.29 ;4.95 4.96 4.62 3.95 3.00 1.84 0.55 -0.78 -2.05 -3.18 -4.08 -4.70 -4.98 -4.91 -4.50 -3.76 -2.76 -1.57 -0.26 1.06 2.31 3.40 4.25 4.79 5.00 4.85 4.36 3.57 2.52 1.29 ;4.95 4.96 4.62 3.95 3.00 1.84 0.55 -0.78 -2.05 -3.18 -4.08 -4.70 -4.98 -4.91 -4.50 -3.76 -2.76 -1.57 -0.26 1.06 2.31 3.40 4.25 4.79 5.00 4.85 4.36 3.57 2.52 1.29 ;4.95 4.96 4.62 3.95 3.00 1.84 0.55 -0.78 -2.05 -3.18 -4.08 -4.70 -4.98 -4.91 -4.50 -3.76 -2.76 -1.57 -0.26 1.06 2.31 3.40 4.25 4.79 5.00 4.85 4.36 3.57 2.52 1.29 ;4.95 4.96 4.62 3.95 3.00 1.84 0.55 -0.78 -2.05 -3.18 -4.08 -4.70 -4.98 -4.91 -4.50 -3.76 -2.76 -1.57 -0.26 1.06 2.31 3.40 4.25 4.79 5.00 4.85 4.36 3.57 2.52 1.29 ;4.95 4.96 4.62 3.95 3.00 1.84 0.55 -0.78 -2.05 -3.18 -4.08 -4.70 -4.98 -4.91 -4.50 -3.76 -2.76 -1.57 -0.26 1.06 2.31 3.40 4.25 4.79 5.00 4.85 4.36 3.57 2.52 1.29 ;4.95 4.96 4.62 3.95 3.00 1.84 0.55 -0.78 -2.05 -3.18 -4.08 -4.70 -4.98 -4.91 -4.50 -3.76 -2.76 -1.57 -0.26 1.06 2.31 3.40 4.25 4.79 5.00 4.85 4.36 3.57 2.52 1.29 ;4.95 4.96 4.62 3.95 3.00 1.84 0.55 -0.78 -2.05 -3.18 -4.08 -4.70 -4.98 -4.91 -4.50 -3.76 -2.76 -1.57 -0.26 1.06 2.31 3.40 4.25 4.79 5.00 4.85 4.36 3.57 2.52 1.29 ;4.95 4.96 4.62 3.95 3.00 1.84 0.55 -0.78 -2.05 -3.18 -4.08 -4.70 -4.98 -4.91 -4.50 -3.76 -2.76 -1.57 -0.26 1.06 2.31 3.40 4.25 4.79 5.00 4.85 4.36 3.57 2.52 1.29 ;4.95 4.96 4.62 3.95 3.00 1.84 0.55 -0.78 -2.05 -3.18 -4.08 -4.70 -4.98 -4.91 -4.50 -3.76 -2.76 -1.57 -0.26 1.06 2.31 3.40 4.25 4.79 5.00 4.85 4.36 3.57 2.52 1.29 ;4.95 4.96 4.62 3.95 3.00 1.84 0.55 -0.78 -2.05 -3.18 -4.08 -4.70 -4.98 -4.91 -4.50 -3.76 -2.76 -1.57 -0.26 1.06 2.31 3.40 4.25 4.79 5.00 4.85 4.36 3.57 2.52 1.29 ;4.95 4.96 4.62 3.95 3.00 1.84 0.55 -0.78 -2.05 -3.18 -4.08 -4.70 -4.98 -4.91 -4.50 -3.76 -2.76 -1.57 -0.26 1.06 2.31 3.40 4.25 4.79 5.00 4.85 4.36 3.57 2.52 1.29 ;4.95 4.96 4.62 3.95 3.00 1.84 0.55 -0.78 -2.05 -3.18 -4.08 -4.70 -4.98 -4.91 -4.50 -3.76 -2.76 -1.57 -0.26 1.06 2.31 3.40 4.25 4.79 5.00 4.85 4.36 3.57 2.52 1.29 ;4.95 4.96 4.62 3.95 3.00 1.84 0.55 -0.78 -2.05 -3.18 -4.08 -4.70 -4.98 -4.91 -4.50 -3.76 -2.76 -1.57 -0.26 1.06 2.31 3.40 4.25 4.79 5.00 4.85 4.36 3.57 2.52 1.29 ;4.95 4.96 4.62 3.95 3.00 1.84 0.55 -0.78 -2.05 -3.18 -4.08 -4.70 -4.98 -4.91 -4.50 -3.76 -2.76 -1.57 -0.26 1.06 2.31 3.40 4.25 4.79 5.00 4.85 4.36 3.57 2.52 1.29 ;4.95 4.96 4.62 3.95 3.00 1.84 0.55 -0.78 -2.05 -3.18 -4.08 -4.70 -4.98 -4.91 -4.50 -3.76 -2.76 -1.57 -0.26 1.06 2.31 3.40 4.25 4.79 5.00 4.85 4.36 3.57 2.52 1.29 ;4.95 4.96 4.62 3.95 3.00 1.84 0.55 -0.78 -2.05 -3.18 -4.08 -4.70 -4.98 -4.91 -4.50 -3.76 -2.76 -1.57 -0.26 1.06 2.31 3.40 4.25 4.79 5.00 4.85 4.36 3.57 2.52 1.29 ;4.95 4.96 4.62 3.95 3.00 1.84 0.55 -0.78 -2.05 -3.18 -4.08 -4.70 -4.98 -4.91 -4.50 -3.76 -2.76 -1.57 -0.26 1.06 2.31 3.40 4.25 4.79 5.00 4.85 4.36 3.57 2.52 1.29 ;4.95 4.96 4.62 3.95 3.00 1.84 0.55 -0.78 -2.05 -3.18 -4.08 -4.70 -4.98 -4.91 -4.50 -3.76 -2.76 -1.57 -0.26 1.06 2.31 3.40 4.25 4.79 5.00 4.85 4.36 3.57 2.52 1.29 ;4.95 4.96 4.62 3.95 3.00 1.84 0.55 -0.78 -2.05 -3.18 -4.08 -4.70 -4.98 -4.91 -4.50 -3.76 -2.76 -1.57 -0.26 1.06 2.31 3.40 4.25 4.79 5.00 4.85 4.36 3.57 2.52 1.29 ;4.95 4.96 4.62 3.95 3.00 1.84 0.55 -0.78 -2.05 -3.18 -4.08 -4.70 -4.98 -4.91 -4.50 -3.76 -2.76 -1.57 -0.26 1.06 2.31 3.40 4.25 4.79 5.00 4.85 4.36 3.57 2.52 1.29 ;4.95 4.96 4.62 3.95 3.00 1.84 0.55 -0.78 -2.05 -3.18 -4.08 -4.70 -4.98 -4.91 -4.50 -3.76 -2.76 -1.57 -0.26 1.06 2.31 3.40 4.25 4.79 5.00 4.85 4.36 3.57 2.52 1.29 ;4.95 4.96 4.62 3.95 3.00 1.84 0.55 -0.78 -2.05 -3.18 -4.08 -4.70 -4.98 -4.91 -4.50 -3.76 -2.76 -1.57 -0.26 1.06 2.31 3.40 4.25 4.79 5.00 4.85 4.36 3.57 2.52 1.29 ;4.95 4.96 4.62 3.95 3.00 1.84 0.55 -0.78 -2.05 -3.18 -4.08 -4.70 -4.98 -4.91 -4.50 -3.76 -2.76 -1.57 -0.26 1.06 2.31 3.40 4.25 4.79 5.00 4.85 4.36 3.57 2.52 1.29 ;4.95 4.96 4.62 3.95 3.00 1.84 0.55 -0.78 -2.05 -3.18 -4.08 -4.70 -4.98 -4.91 -4.50 -3.76 -2.76 -1.57 -0.26 1.06 2.31 3.40 4.25 4.79 5.00 4.85 4.36 3.57 2.52 1.29 ;];
