u76 = [3.62 4.40 4.87 5.00 4.77 4.20 3.34 2.24 0.98 -0.35 -1.65 -2.83 -3.82 -4.53 -4.93 -4.98 -4.67 -4.04 -3.11 -1.97 -0.69 0.64 1.92 3.07 4.00 4.65 4.97 4.94 4.56 3.86 ;3.62 4.40 4.87 5.00 4.77 4.20 3.34 2.24 0.98 -0.35 -1.65 -2.83 -3.82 -4.53 -4.93 -4.98 -4.67 -4.04 -3.11 -1.97 -0.69 0.64 1.92 3.07 4.00 4.65 4.97 4.94 4.56 3.86 ;3.62 4.40 4.87 5.00 4.77 4.20 3.34 2.24 0.98 -0.35 -1.65 -2.83 -3.82 -4.53 -4.93 -4.98 -4.67 -4.04 -3.11 -1.97 -0.69 0.64 1.92 3.07 4.00 4.65 4.97 4.94 4.56 3.86 ;3.62 4.40 4.87 5.00 4.77 4.20 3.34 2.24 0.98 -0.35 -1.65 -2.83 -3.82 -4.53 -4.93 -4.98 -4.67 -4.04 -3.11 -1.97 -0.69 0.64 1.92 3.07 4.00 4.65 4.97 4.94 4.56 3.86 ;3.62 4.40 4.87 5.00 4.77 4.20 3.34 2.24 0.98 -0.35 -1.65 -2.83 -3.82 -4.53 -4.93 -4.98 -4.67 -4.04 -3.11 -1.97 -0.69 0.64 1.92 3.07 4.00 4.65 4.97 4.94 4.56 3.86 ;3.62 4.40 4.87 5.00 4.77 4.20 3.34 2.24 0.98 -0.35 -1.65 -2.83 -3.82 -4.53 -4.93 -4.98 -4.67 -4.04 -3.11 -1.97 -0.69 0.64 1.92 3.07 4.00 4.65 4.97 4.94 4.56 3.86 ;3.62 4.40 4.87 5.00 4.77 4.20 3.34 2.24 0.98 -0.35 -1.65 -2.83 -3.82 -4.53 -4.93 -4.98 -4.67 -4.04 -3.11 -1.97 -0.69 0.64 1.92 3.07 4.00 4.65 4.97 4.94 4.56 3.86 ;3.62 4.40 4.87 5.00 4.77 4.20 3.34 2.24 0.98 -0.35 -1.65 -2.83 -3.82 -4.53 -4.93 -4.98 -4.67 -4.04 -3.11 -1.97 -0.69 0.64 1.92 3.07 4.00 4.65 4.97 4.94 4.56 3.86 ;3.62 4.40 4.87 5.00 4.77 4.20 3.34 2.24 0.98 -0.35 -1.65 -2.83 -3.82 -4.53 -4.93 -4.98 -4.67 -4.04 -3.11 -1.97 -0.69 0.64 1.92 3.07 4.00 4.65 4.97 4.94 4.56 3.86 ;3.62 4.40 4.87 5.00 4.77 4.20 3.34 2.24 0.98 -0.35 -1.65 -2.83 -3.82 -4.53 -4.93 -4.98 -4.67 -4.04 -3.11 -1.97 -0.69 0.64 1.92 3.07 4.00 4.65 4.97 4.94 4.56 3.86 ;3.62 4.40 4.87 5.00 4.77 4.20 3.34 2.24 0.98 -0.35 -1.65 -2.83 -3.82 -4.53 -4.93 -4.98 -4.67 -4.04 -3.11 -1.97 -0.69 0.64 1.92 3.07 4.00 4.65 4.97 4.94 4.56 3.86 ;3.62 4.40 4.87 5.00 4.77 4.20 3.34 2.24 0.98 -0.35 -1.65 -2.83 -3.82 -4.53 -4.93 -4.98 -4.67 -4.04 -3.11 -1.97 -0.69 0.64 1.92 3.07 4.00 4.65 4.97 4.94 4.56 3.86 ;3.62 4.40 4.87 5.00 4.77 4.20 3.34 2.24 0.98 -0.35 -1.65 -2.83 -3.82 -4.53 -4.93 -4.98 -4.67 -4.04 -3.11 -1.97 -0.69 0.64 1.92 3.07 4.00 4.65 4.97 4.94 4.56 3.86 ;3.62 4.40 4.87 5.00 4.77 4.20 3.34 2.24 0.98 -0.35 -1.65 -2.83 -3.82 -4.53 -4.93 -4.98 -4.67 -4.04 -3.11 -1.97 -0.69 0.64 1.92 3.07 4.00 4.65 4.97 4.94 4.56 3.86 ;3.62 4.40 4.87 5.00 4.77 4.20 3.34 2.24 0.98 -0.35 -1.65 -2.83 -3.82 -4.53 -4.93 -4.98 -4.67 -4.04 -3.11 -1.97 -0.69 0.64 1.92 3.07 4.00 4.65 4.97 4.94 4.56 3.86 ;3.62 4.40 4.87 5.00 4.77 4.20 3.34 2.24 0.98 -0.35 -1.65 -2.83 -3.82 -4.53 -4.93 -4.98 -4.67 -4.04 -3.11 -1.97 -0.69 0.64 1.92 3.07 4.00 4.65 4.97 4.94 4.56 3.86 ;3.62 4.40 4.87 5.00 4.77 4.20 3.34 2.24 0.98 -0.35 -1.65 -2.83 -3.82 -4.53 -4.93 -4.98 -4.67 -4.04 -3.11 -1.97 -0.69 0.64 1.92 3.07 4.00 4.65 4.97 4.94 4.56 3.86 ;3.62 4.40 4.87 5.00 4.77 4.20 3.34 2.24 0.98 -0.35 -1.65 -2.83 -3.82 -4.53 -4.93 -4.98 -4.67 -4.04 -3.11 -1.97 -0.69 0.64 1.92 3.07 4.00 4.65 4.97 4.94 4.56 3.86 ;3.62 4.40 4.87 5.00 4.77 4.20 3.34 2.24 0.98 -0.35 -1.65 -2.83 -3.82 -4.53 -4.93 -4.98 -4.67 -4.04 -3.11 -1.97 -0.69 0.64 1.92 3.07 4.00 4.65 4.97 4.94 4.56 3.86 ;3.62 4.40 4.87 5.00 4.77 4.20 3.34 2.24 0.98 -0.35 -1.65 -2.83 -3.82 -4.53 -4.93 -4.98 -4.67 -4.04 -3.11 -1.97 -0.69 0.64 1.92 3.07 4.00 4.65 4.97 4.94 4.56 3.86 ;3.62 4.40 4.87 5.00 4.77 4.20 3.34 2.24 0.98 -0.35 -1.65 -2.83 -3.82 -4.53 -4.93 -4.98 -4.67 -4.04 -3.11 -1.97 -0.69 0.64 1.92 3.07 4.00 4.65 4.97 4.94 4.56 3.86 ;3.62 4.40 4.87 5.00 4.77 4.20 3.34 2.24 0.98 -0.35 -1.65 -2.83 -3.82 -4.53 -4.93 -4.98 -4.67 -4.04 -3.11 -1.97 -0.69 0.64 1.92 3.07 4.00 4.65 4.97 4.94 4.56 3.86 ;3.62 4.40 4.87 5.00 4.77 4.20 3.34 2.24 0.98 -0.35 -1.65 -2.83 -3.82 -4.53 -4.93 -4.98 -4.67 -4.04 -3.11 -1.97 -0.69 0.64 1.92 3.07 4.00 4.65 4.97 4.94 4.56 3.86 ;3.62 4.40 4.87 5.00 4.77 4.20 3.34 2.24 0.98 -0.35 -1.65 -2.83 -3.82 -4.53 -4.93 -4.98 -4.67 -4.04 -3.11 -1.97 -0.69 0.64 1.92 3.07 4.00 4.65 4.97 4.94 4.56 3.86 ;3.62 4.40 4.87 5.00 4.77 4.20 3.34 2.24 0.98 -0.35 -1.65 -2.83 -3.82 -4.53 -4.93 -4.98 -4.67 -4.04 -3.11 -1.97 -0.69 0.64 1.92 3.07 4.00 4.65 4.97 4.94 4.56 3.86 ;3.62 4.40 4.87 5.00 4.77 4.20 3.34 2.24 0.98 -0.35 -1.65 -2.83 -3.82 -4.53 -4.93 -4.98 -4.67 -4.04 -3.11 -1.97 -0.69 0.64 1.92 3.07 4.00 4.65 4.97 4.94 4.56 3.86 ;3.62 4.40 4.87 5.00 4.77 4.20 3.34 2.24 0.98 -0.35 -1.65 -2.83 -3.82 -4.53 -4.93 -4.98 -4.67 -4.04 -3.11 -1.97 -0.69 0.64 1.92 3.07 4.00 4.65 4.97 4.94 4.56 3.86 ;3.62 4.40 4.87 5.00 4.77 4.20 3.34 2.24 0.98 -0.35 -1.65 -2.83 -3.82 -4.53 -4.93 -4.98 -4.67 -4.04 -3.11 -1.97 -0.69 0.64 1.92 3.07 4.00 4.65 4.97 4.94 4.56 3.86 ;3.62 4.40 4.87 5.00 4.77 4.20 3.34 2.24 0.98 -0.35 -1.65 -2.83 -3.82 -4.53 -4.93 -4.98 -4.67 -4.04 -3.11 -1.97 -0.69 0.64 1.92 3.07 4.00 4.65 4.97 4.94 4.56 3.86 ;3.62 4.40 4.87 5.00 4.77 4.20 3.34 2.24 0.98 -0.35 -1.65 -2.83 -3.82 -4.53 -4.93 -4.98 -4.67 -4.04 -3.11 -1.97 -0.69 0.64 1.92 3.07 4.00 4.65 4.97 4.94 4.56 3.86 ;];
