u = [-2.08 -0.15 1.81 3.48 4.61 5.00 4.61 3.48 1.81 -0.15 -2.08 -3.69 -4.71 -4.99 -4.48 -3.27 -1.54 0.44 2.34 3.88 ;-2.08 -0.15 1.81 3.48 4.61 5.00 4.61 3.48 1.81 -0.15 -2.08 -3.69 -4.71 -4.99 -4.48 -3.27 -1.54 0.44 2.34 3.88 ;-2.08 -0.15 1.81 3.48 4.61 5.00 4.61 3.48 1.81 -0.15 -2.08 -3.69 -4.71 -4.99 -4.48 -3.27 -1.54 0.44 2.34 3.88 ;-2.08 -0.15 1.81 3.48 4.61 5.00 4.61 3.48 1.81 -0.15 -2.08 -3.69 -4.71 -4.99 -4.48 -3.27 -1.54 0.44 2.34 3.88 ;-2.08 -0.15 1.81 3.48 4.61 5.00 4.61 3.48 1.81 -0.15 -2.08 -3.69 -4.71 -4.99 -4.48 -3.27 -1.54 0.44 2.34 3.88 ;-2.08 -0.15 1.81 3.48 4.61 5.00 4.61 3.48 1.81 -0.15 -2.08 -3.69 -4.71 -4.99 -4.48 -3.27 -1.54 0.44 2.34 3.88 ;-2.08 -0.15 1.81 3.48 4.61 5.00 4.61 3.48 1.81 -0.15 -2.08 -3.69 -4.71 -4.99 -4.48 -3.27 -1.54 0.44 2.34 3.88 ;-2.08 -0.15 1.81 3.48 4.61 5.00 4.61 3.48 1.81 -0.15 -2.08 -3.69 -4.71 -4.99 -4.48 -3.27 -1.54 0.44 2.34 3.88 ;-2.08 -0.15 1.81 3.48 4.61 5.00 4.61 3.48 1.81 -0.15 -2.08 -3.69 -4.71 -4.99 -4.48 -3.27 -1.54 0.44 2.34 3.88 ;-2.08 -0.15 1.81 3.48 4.61 5.00 4.61 3.48 1.81 -0.15 -2.08 -3.69 -4.71 -4.99 -4.48 -3.27 -1.54 0.44 2.34 3.88 ;-2.08 -0.15 1.81 3.48 4.61 5.00 4.61 3.48 1.81 -0.15 -2.08 -3.69 -4.71 -4.99 -4.48 -3.27 -1.54 0.44 2.34 3.88 ;-2.08 -0.15 1.81 3.48 4.61 5.00 4.61 3.48 1.81 -0.15 -2.08 -3.69 -4.71 -4.99 -4.48 -3.27 -1.54 0.44 2.34 3.88 ;-2.08 -0.15 1.81 3.48 4.61 5.00 4.61 3.48 1.81 -0.15 -2.08 -3.69 -4.71 -4.99 -4.48 -3.27 -1.54 0.44 2.34 3.88 ;-2.08 -0.15 1.81 3.48 4.61 5.00 4.61 3.48 1.81 -0.15 -2.08 -3.69 -4.71 -4.99 -4.48 -3.27 -1.54 0.44 2.34 3.88 ;-2.08 -0.15 1.81 3.48 4.61 5.00 4.61 3.48 1.81 -0.15 -2.08 -3.69 -4.71 -4.99 -4.48 -3.27 -1.54 0.44 2.34 3.88 ;-2.08 -0.15 1.81 3.48 4.61 5.00 4.61 3.48 1.81 -0.15 -2.08 -3.69 -4.71 -4.99 -4.48 -3.27 -1.54 0.44 2.34 3.88 ;-2.08 -0.15 1.81 3.48 4.61 5.00 4.61 3.48 1.81 -0.15 -2.08 -3.69 -4.71 -4.99 -4.48 -3.27 -1.54 0.44 2.34 3.88 ;-2.08 -0.15 1.81 3.48 4.61 5.00 4.61 3.48 1.81 -0.15 -2.08 -3.69 -4.71 -4.99 -4.48 -3.27 -1.54 0.44 2.34 3.88 ;-2.08 -0.15 1.81 3.48 4.61 5.00 4.61 3.48 1.81 -0.15 -2.08 -3.69 -4.71 -4.99 -4.48 -3.27 -1.54 0.44 2.34 3.88 ;-2.08 -0.15 1.81 3.48 4.61 5.00 4.61 3.48 1.81 -0.15 -2.08 -3.69 -4.71 -4.99 -4.48 -3.27 -1.54 0.44 2.34 3.88 ;];
v = [-1.66 -0.12 1.45 2.79 3.68 4.00 3.68 2.79 1.45 -0.12 -1.66 -2.95 -3.77 -3.99 -3.59 -2.61 -1.23 0.35 1.87 3.10 ;-1.66 -0.12 1.45 2.79 3.68 4.00 3.68 2.79 1.45 -0.12 -1.66 -2.95 -3.77 -3.99 -3.59 -2.61 -1.23 0.35 1.87 3.10 ;-1.66 -0.12 1.45 2.79 3.68 4.00 3.68 2.79 1.45 -0.12 -1.66 -2.95 -3.77 -3.99 -3.59 -2.61 -1.23 0.35 1.87 3.10 ;-1.66 -0.12 1.45 2.79 3.68 4.00 3.68 2.79 1.45 -0.12 -1.66 -2.95 -3.77 -3.99 -3.59 -2.61 -1.23 0.35 1.87 3.10 ;-1.66 -0.12 1.45 2.79 3.68 4.00 3.68 2.79 1.45 -0.12 -1.66 -2.95 -3.77 -3.99 -3.59 -2.61 -1.23 0.35 1.87 3.10 ;-1.66 -0.12 1.45 2.79 3.68 4.00 3.68 2.79 1.45 -0.12 -1.66 -2.95 -3.77 -3.99 -3.59 -2.61 -1.23 0.35 1.87 3.10 ;-1.66 -0.12 1.45 2.79 3.68 4.00 3.68 2.79 1.45 -0.12 -1.66 -2.95 -3.77 -3.99 -3.59 -2.61 -1.23 0.35 1.87 3.10 ;-1.66 -0.12 1.45 2.79 3.68 4.00 3.68 2.79 1.45 -0.12 -1.66 -2.95 -3.77 -3.99 -3.59 -2.61 -1.23 0.35 1.87 3.10 ;-1.66 -0.12 1.45 2.79 3.68 4.00 3.68 2.79 1.45 -0.12 -1.66 -2.95 -3.77 -3.99 -3.59 -2.61 -1.23 0.35 1.87 3.10 ;-1.66 -0.12 1.45 2.79 3.68 4.00 3.68 2.79 1.45 -0.12 -1.66 -2.95 -3.77 -3.99 -3.59 -2.61 -1.23 0.35 1.87 3.10 ;-1.66 -0.12 1.45 2.79 3.68 4.00 3.68 2.79 1.45 -0.12 -1.66 -2.95 -3.77 -3.99 -3.59 -2.61 -1.23 0.35 1.87 3.10 ;-1.66 -0.12 1.45 2.79 3.68 4.00 3.68 2.79 1.45 -0.12 -1.66 -2.95 -3.77 -3.99 -3.59 -2.61 -1.23 0.35 1.87 3.10 ;-1.66 -0.12 1.45 2.79 3.68 4.00 3.68 2.79 1.45 -0.12 -1.66 -2.95 -3.77 -3.99 -3.59 -2.61 -1.23 0.35 1.87 3.10 ;-1.66 -0.12 1.45 2.79 3.68 4.00 3.68 2.79 1.45 -0.12 -1.66 -2.95 -3.77 -3.99 -3.59 -2.61 -1.23 0.35 1.87 3.10 ;-1.66 -0.12 1.45 2.79 3.68 4.00 3.68 2.79 1.45 -0.12 -1.66 -2.95 -3.77 -3.99 -3.59 -2.61 -1.23 0.35 1.87 3.10 ;-1.66 -0.12 1.45 2.79 3.68 4.00 3.68 2.79 1.45 -0.12 -1.66 -2.95 -3.77 -3.99 -3.59 -2.61 -1.23 0.35 1.87 3.10 ;-1.66 -0.12 1.45 2.79 3.68 4.00 3.68 2.79 1.45 -0.12 -1.66 -2.95 -3.77 -3.99 -3.59 -2.61 -1.23 0.35 1.87 3.10 ;-1.66 -0.12 1.45 2.79 3.68 4.00 3.68 2.79 1.45 -0.12 -1.66 -2.95 -3.77 -3.99 -3.59 -2.61 -1.23 0.35 1.87 3.10 ;-1.66 -0.12 1.45 2.79 3.68 4.00 3.68 2.79 1.45 -0.12 -1.66 -2.95 -3.77 -3.99 -3.59 -2.61 -1.23 0.35 1.87 3.10 ;-1.66 -0.12 1.45 2.79 3.68 4.00 3.68 2.79 1.45 -0.12 -1.66 -2.95 -3.77 -3.99 -3.59 -2.61 -1.23 0.35 1.87 3.10 ;];
x = [0.00 0.05 0.10 0.15 0.20 0.25 0.30 0.35 0.40 0.45 0.50 0.55 0.60 0.65 0.70 0.75 0.80 0.85 0.90 0.95 ;0.00 0.05 0.10 0.15 0.20 0.25 0.30 0.35 0.40 0.45 0.50 0.55 0.60 0.65 0.70 0.75 0.80 0.85 0.90 0.95 ;0.00 0.05 0.10 0.15 0.20 0.25 0.30 0.35 0.40 0.45 0.50 0.55 0.60 0.65 0.70 0.75 0.80 0.85 0.90 0.95 ;0.00 0.05 0.10 0.15 0.20 0.25 0.30 0.35 0.40 0.45 0.50 0.55 0.60 0.65 0.70 0.75 0.80 0.85 0.90 0.95 ;0.00 0.05 0.10 0.15 0.20 0.25 0.30 0.35 0.40 0.45 0.50 0.55 0.60 0.65 0.70 0.75 0.80 0.85 0.90 0.95 ;0.00 0.05 0.10 0.15 0.20 0.25 0.30 0.35 0.40 0.45 0.50 0.55 0.60 0.65 0.70 0.75 0.80 0.85 0.90 0.95 ;0.00 0.05 0.10 0.15 0.20 0.25 0.30 0.35 0.40 0.45 0.50 0.55 0.60 0.65 0.70 0.75 0.80 0.85 0.90 0.95 ;0.00 0.05 0.10 0.15 0.20 0.25 0.30 0.35 0.40 0.45 0.50 0.55 0.60 0.65 0.70 0.75 0.80 0.85 0.90 0.95 ;0.00 0.05 0.10 0.15 0.20 0.25 0.30 0.35 0.40 0.45 0.50 0.55 0.60 0.65 0.70 0.75 0.80 0.85 0.90 0.95 ;0.00 0.05 0.10 0.15 0.20 0.25 0.30 0.35 0.40 0.45 0.50 0.55 0.60 0.65 0.70 0.75 0.80 0.85 0.90 0.95 ;0.00 0.05 0.10 0.15 0.20 0.25 0.30 0.35 0.40 0.45 0.50 0.55 0.60 0.65 0.70 0.75 0.80 0.85 0.90 0.95 ;0.00 0.05 0.10 0.15 0.20 0.25 0.30 0.35 0.40 0.45 0.50 0.55 0.60 0.65 0.70 0.75 0.80 0.85 0.90 0.95 ;0.00 0.05 0.10 0.15 0.20 0.25 0.30 0.35 0.40 0.45 0.50 0.55 0.60 0.65 0.70 0.75 0.80 0.85 0.90 0.95 ;0.00 0.05 0.10 0.15 0.20 0.25 0.30 0.35 0.40 0.45 0.50 0.55 0.60 0.65 0.70 0.75 0.80 0.85 0.90 0.95 ;0.00 0.05 0.10 0.15 0.20 0.25 0.30 0.35 0.40 0.45 0.50 0.55 0.60 0.65 0.70 0.75 0.80 0.85 0.90 0.95 ;0.00 0.05 0.10 0.15 0.20 0.25 0.30 0.35 0.40 0.45 0.50 0.55 0.60 0.65 0.70 0.75 0.80 0.85 0.90 0.95 ;0.00 0.05 0.10 0.15 0.20 0.25 0.30 0.35 0.40 0.45 0.50 0.55 0.60 0.65 0.70 0.75 0.80 0.85 0.90 0.95 ;0.00 0.05 0.10 0.15 0.20 0.25 0.30 0.35 0.40 0.45 0.50 0.55 0.60 0.65 0.70 0.75 0.80 0.85 0.90 0.95 ;0.00 0.05 0.10 0.15 0.20 0.25 0.30 0.35 0.40 0.45 0.50 0.55 0.60 0.65 0.70 0.75 0.80 0.85 0.90 0.95 ;0.00 0.05 0.10 0.15 0.20 0.25 0.30 0.35 0.40 0.45 0.50 0.55 0.60 0.65 0.70 0.75 0.80 0.85 0.90 0.95 ;];
