u63 = [4.04 4.67 4.98 4.93 4.53 3.81 2.83 1.64 0.34 -0.99 -2.25 -3.34 -4.21 -4.77 -5.00 -4.87 -4.40 -3.62 -2.58 -1.36 -0.05 1.27 2.50 3.56 4.36 4.85 5.00 4.80 4.25 3.41 ;4.04 4.67 4.98 4.93 4.53 3.81 2.83 1.64 0.34 -0.99 -2.25 -3.34 -4.21 -4.77 -5.00 -4.87 -4.40 -3.62 -2.58 -1.36 -0.05 1.27 2.50 3.56 4.36 4.85 5.00 4.80 4.25 3.41 ;4.04 4.67 4.98 4.93 4.53 3.81 2.83 1.64 0.34 -0.99 -2.25 -3.34 -4.21 -4.77 -5.00 -4.87 -4.40 -3.62 -2.58 -1.36 -0.05 1.27 2.50 3.56 4.36 4.85 5.00 4.80 4.25 3.41 ;4.04 4.67 4.98 4.93 4.53 3.81 2.83 1.64 0.34 -0.99 -2.25 -3.34 -4.21 -4.77 -5.00 -4.87 -4.40 -3.62 -2.58 -1.36 -0.05 1.27 2.50 3.56 4.36 4.85 5.00 4.80 4.25 3.41 ;4.04 4.67 4.98 4.93 4.53 3.81 2.83 1.64 0.34 -0.99 -2.25 -3.34 -4.21 -4.77 -5.00 -4.87 -4.40 -3.62 -2.58 -1.36 -0.05 1.27 2.50 3.56 4.36 4.85 5.00 4.80 4.25 3.41 ;4.04 4.67 4.98 4.93 4.53 3.81 2.83 1.64 0.34 -0.99 -2.25 -3.34 -4.21 -4.77 -5.00 -4.87 -4.40 -3.62 -2.58 -1.36 -0.05 1.27 2.50 3.56 4.36 4.85 5.00 4.80 4.25 3.41 ;4.04 4.67 4.98 4.93 4.53 3.81 2.83 1.64 0.34 -0.99 -2.25 -3.34 -4.21 -4.77 -5.00 -4.87 -4.40 -3.62 -2.58 -1.36 -0.05 1.27 2.50 3.56 4.36 4.85 5.00 4.80 4.25 3.41 ;4.04 4.67 4.98 4.93 4.53 3.81 2.83 1.64 0.34 -0.99 -2.25 -3.34 -4.21 -4.77 -5.00 -4.87 -4.40 -3.62 -2.58 -1.36 -0.05 1.27 2.50 3.56 4.36 4.85 5.00 4.80 4.25 3.41 ;4.04 4.67 4.98 4.93 4.53 3.81 2.83 1.64 0.34 -0.99 -2.25 -3.34 -4.21 -4.77 -5.00 -4.87 -4.40 -3.62 -2.58 -1.36 -0.05 1.27 2.50 3.56 4.36 4.85 5.00 4.80 4.25 3.41 ;4.04 4.67 4.98 4.93 4.53 3.81 2.83 1.64 0.34 -0.99 -2.25 -3.34 -4.21 -4.77 -5.00 -4.87 -4.40 -3.62 -2.58 -1.36 -0.05 1.27 2.50 3.56 4.36 4.85 5.00 4.80 4.25 3.41 ;4.04 4.67 4.98 4.93 4.53 3.81 2.83 1.64 0.34 -0.99 -2.25 -3.34 -4.21 -4.77 -5.00 -4.87 -4.40 -3.62 -2.58 -1.36 -0.05 1.27 2.50 3.56 4.36 4.85 5.00 4.80 4.25 3.41 ;4.04 4.67 4.98 4.93 4.53 3.81 2.83 1.64 0.34 -0.99 -2.25 -3.34 -4.21 -4.77 -5.00 -4.87 -4.40 -3.62 -2.58 -1.36 -0.05 1.27 2.50 3.56 4.36 4.85 5.00 4.80 4.25 3.41 ;4.04 4.67 4.98 4.93 4.53 3.81 2.83 1.64 0.34 -0.99 -2.25 -3.34 -4.21 -4.77 -5.00 -4.87 -4.40 -3.62 -2.58 -1.36 -0.05 1.27 2.50 3.56 4.36 4.85 5.00 4.80 4.25 3.41 ;4.04 4.67 4.98 4.93 4.53 3.81 2.83 1.64 0.34 -0.99 -2.25 -3.34 -4.21 -4.77 -5.00 -4.87 -4.40 -3.62 -2.58 -1.36 -0.05 1.27 2.50 3.56 4.36 4.85 5.00 4.80 4.25 3.41 ;4.04 4.67 4.98 4.93 4.53 3.81 2.83 1.64 0.34 -0.99 -2.25 -3.34 -4.21 -4.77 -5.00 -4.87 -4.40 -3.62 -2.58 -1.36 -0.05 1.27 2.50 3.56 4.36 4.85 5.00 4.80 4.25 3.41 ;4.04 4.67 4.98 4.93 4.53 3.81 2.83 1.64 0.34 -0.99 -2.25 -3.34 -4.21 -4.77 -5.00 -4.87 -4.40 -3.62 -2.58 -1.36 -0.05 1.27 2.50 3.56 4.36 4.85 5.00 4.80 4.25 3.41 ;4.04 4.67 4.98 4.93 4.53 3.81 2.83 1.64 0.34 -0.99 -2.25 -3.34 -4.21 -4.77 -5.00 -4.87 -4.40 -3.62 -2.58 -1.36 -0.05 1.27 2.50 3.56 4.36 4.85 5.00 4.80 4.25 3.41 ;4.04 4.67 4.98 4.93 4.53 3.81 2.83 1.64 0.34 -0.99 -2.25 -3.34 -4.21 -4.77 -5.00 -4.87 -4.40 -3.62 -2.58 -1.36 -0.05 1.27 2.50 3.56 4.36 4.85 5.00 4.80 4.25 3.41 ;4.04 4.67 4.98 4.93 4.53 3.81 2.83 1.64 0.34 -0.99 -2.25 -3.34 -4.21 -4.77 -5.00 -4.87 -4.40 -3.62 -2.58 -1.36 -0.05 1.27 2.50 3.56 4.36 4.85 5.00 4.80 4.25 3.41 ;4.04 4.67 4.98 4.93 4.53 3.81 2.83 1.64 0.34 -0.99 -2.25 -3.34 -4.21 -4.77 -5.00 -4.87 -4.40 -3.62 -2.58 -1.36 -0.05 1.27 2.50 3.56 4.36 4.85 5.00 4.80 4.25 3.41 ;4.04 4.67 4.98 4.93 4.53 3.81 2.83 1.64 0.34 -0.99 -2.25 -3.34 -4.21 -4.77 -5.00 -4.87 -4.40 -3.62 -2.58 -1.36 -0.05 1.27 2.50 3.56 4.36 4.85 5.00 4.80 4.25 3.41 ;4.04 4.67 4.98 4.93 4.53 3.81 2.83 1.64 0.34 -0.99 -2.25 -3.34 -4.21 -4.77 -5.00 -4.87 -4.40 -3.62 -2.58 -1.36 -0.05 1.27 2.50 3.56 4.36 4.85 5.00 4.80 4.25 3.41 ;4.04 4.67 4.98 4.93 4.53 3.81 2.83 1.64 0.34 -0.99 -2.25 -3.34 -4.21 -4.77 -5.00 -4.87 -4.40 -3.62 -2.58 -1.36 -0.05 1.27 2.50 3.56 4.36 4.85 5.00 4.80 4.25 3.41 ;4.04 4.67 4.98 4.93 4.53 3.81 2.83 1.64 0.34 -0.99 -2.25 -3.34 -4.21 -4.77 -5.00 -4.87 -4.40 -3.62 -2.58 -1.36 -0.05 1.27 2.50 3.56 4.36 4.85 5.00 4.80 4.25 3.41 ;4.04 4.67 4.98 4.93 4.53 3.81 2.83 1.64 0.34 -0.99 -2.25 -3.34 -4.21 -4.77 -5.00 -4.87 -4.40 -3.62 -2.58 -1.36 -0.05 1.27 2.50 3.56 4.36 4.85 5.00 4.80 4.25 3.41 ;4.04 4.67 4.98 4.93 4.53 3.81 2.83 1.64 0.34 -0.99 -2.25 -3.34 -4.21 -4.77 -5.00 -4.87 -4.40 -3.62 -2.58 -1.36 -0.05 1.27 2.50 3.56 4.36 4.85 5.00 4.80 4.25 3.41 ;4.04 4.67 4.98 4.93 4.53 3.81 2.83 1.64 0.34 -0.99 -2.25 -3.34 -4.21 -4.77 -5.00 -4.87 -4.40 -3.62 -2.58 -1.36 -0.05 1.27 2.50 3.56 4.36 4.85 5.00 4.80 4.25 3.41 ;4.04 4.67 4.98 4.93 4.53 3.81 2.83 1.64 0.34 -0.99 -2.25 -3.34 -4.21 -4.77 -5.00 -4.87 -4.40 -3.62 -2.58 -1.36 -0.05 1.27 2.50 3.56 4.36 4.85 5.00 4.80 4.25 3.41 ;4.04 4.67 4.98 4.93 4.53 3.81 2.83 1.64 0.34 -0.99 -2.25 -3.34 -4.21 -4.77 -5.00 -4.87 -4.40 -3.62 -2.58 -1.36 -0.05 1.27 2.50 3.56 4.36 4.85 5.00 4.80 4.25 3.41 ;4.04 4.67 4.98 4.93 4.53 3.81 2.83 1.64 0.34 -0.99 -2.25 -3.34 -4.21 -4.77 -5.00 -4.87 -4.40 -3.62 -2.58 -1.36 -0.05 1.27 2.50 3.56 4.36 4.85 5.00 4.80 4.25 3.41 ;];
