u35 = [4.70 4.98 4.92 4.50 3.77 2.77 1.58 0.27 -1.05 -2.31 -3.39 -4.24 -4.79 -5.00 -4.85 -4.37 -3.57 -2.52 -1.30 0.02 1.34 2.56 3.60 4.39 4.86 5.00 4.78 4.22 3.36 2.27 ;4.70 4.98 4.92 4.50 3.77 2.77 1.58 0.27 -1.05 -2.31 -3.39 -4.24 -4.79 -5.00 -4.85 -4.37 -3.57 -2.52 -1.30 0.02 1.34 2.56 3.60 4.39 4.86 5.00 4.78 4.22 3.36 2.27 ;4.70 4.98 4.92 4.50 3.77 2.77 1.58 0.27 -1.05 -2.31 -3.39 -4.24 -4.79 -5.00 -4.85 -4.37 -3.57 -2.52 -1.30 0.02 1.34 2.56 3.60 4.39 4.86 5.00 4.78 4.22 3.36 2.27 ;4.70 4.98 4.92 4.50 3.77 2.77 1.58 0.27 -1.05 -2.31 -3.39 -4.24 -4.79 -5.00 -4.85 -4.37 -3.57 -2.52 -1.30 0.02 1.34 2.56 3.60 4.39 4.86 5.00 4.78 4.22 3.36 2.27 ;4.70 4.98 4.92 4.50 3.77 2.77 1.58 0.27 -1.05 -2.31 -3.39 -4.24 -4.79 -5.00 -4.85 -4.37 -3.57 -2.52 -1.30 0.02 1.34 2.56 3.60 4.39 4.86 5.00 4.78 4.22 3.36 2.27 ;4.70 4.98 4.92 4.50 3.77 2.77 1.58 0.27 -1.05 -2.31 -3.39 -4.24 -4.79 -5.00 -4.85 -4.37 -3.57 -2.52 -1.30 0.02 1.34 2.56 3.60 4.39 4.86 5.00 4.78 4.22 3.36 2.27 ;4.70 4.98 4.92 4.50 3.77 2.77 1.58 0.27 -1.05 -2.31 -3.39 -4.24 -4.79 -5.00 -4.85 -4.37 -3.57 -2.52 -1.30 0.02 1.34 2.56 3.60 4.39 4.86 5.00 4.78 4.22 3.36 2.27 ;4.70 4.98 4.92 4.50 3.77 2.77 1.58 0.27 -1.05 -2.31 -3.39 -4.24 -4.79 -5.00 -4.85 -4.37 -3.57 -2.52 -1.30 0.02 1.34 2.56 3.60 4.39 4.86 5.00 4.78 4.22 3.36 2.27 ;4.70 4.98 4.92 4.50 3.77 2.77 1.58 0.27 -1.05 -2.31 -3.39 -4.24 -4.79 -5.00 -4.85 -4.37 -3.57 -2.52 -1.30 0.02 1.34 2.56 3.60 4.39 4.86 5.00 4.78 4.22 3.36 2.27 ;4.70 4.98 4.92 4.50 3.77 2.77 1.58 0.27 -1.05 -2.31 -3.39 -4.24 -4.79 -5.00 -4.85 -4.37 -3.57 -2.52 -1.30 0.02 1.34 2.56 3.60 4.39 4.86 5.00 4.78 4.22 3.36 2.27 ;4.70 4.98 4.92 4.50 3.77 2.77 1.58 0.27 -1.05 -2.31 -3.39 -4.24 -4.79 -5.00 -4.85 -4.37 -3.57 -2.52 -1.30 0.02 1.34 2.56 3.60 4.39 4.86 5.00 4.78 4.22 3.36 2.27 ;4.70 4.98 4.92 4.50 3.77 2.77 1.58 0.27 -1.05 -2.31 -3.39 -4.24 -4.79 -5.00 -4.85 -4.37 -3.57 -2.52 -1.30 0.02 1.34 2.56 3.60 4.39 4.86 5.00 4.78 4.22 3.36 2.27 ;4.70 4.98 4.92 4.50 3.77 2.77 1.58 0.27 -1.05 -2.31 -3.39 -4.24 -4.79 -5.00 -4.85 -4.37 -3.57 -2.52 -1.30 0.02 1.34 2.56 3.60 4.39 4.86 5.00 4.78 4.22 3.36 2.27 ;4.70 4.98 4.92 4.50 3.77 2.77 1.58 0.27 -1.05 -2.31 -3.39 -4.24 -4.79 -5.00 -4.85 -4.37 -3.57 -2.52 -1.30 0.02 1.34 2.56 3.60 4.39 4.86 5.00 4.78 4.22 3.36 2.27 ;4.70 4.98 4.92 4.50 3.77 2.77 1.58 0.27 -1.05 -2.31 -3.39 -4.24 -4.79 -5.00 -4.85 -4.37 -3.57 -2.52 -1.30 0.02 1.34 2.56 3.60 4.39 4.86 5.00 4.78 4.22 3.36 2.27 ;4.70 4.98 4.92 4.50 3.77 2.77 1.58 0.27 -1.05 -2.31 -3.39 -4.24 -4.79 -5.00 -4.85 -4.37 -3.57 -2.52 -1.30 0.02 1.34 2.56 3.60 4.39 4.86 5.00 4.78 4.22 3.36 2.27 ;4.70 4.98 4.92 4.50 3.77 2.77 1.58 0.27 -1.05 -2.31 -3.39 -4.24 -4.79 -5.00 -4.85 -4.37 -3.57 -2.52 -1.30 0.02 1.34 2.56 3.60 4.39 4.86 5.00 4.78 4.22 3.36 2.27 ;4.70 4.98 4.92 4.50 3.77 2.77 1.58 0.27 -1.05 -2.31 -3.39 -4.24 -4.79 -5.00 -4.85 -4.37 -3.57 -2.52 -1.30 0.02 1.34 2.56 3.60 4.39 4.86 5.00 4.78 4.22 3.36 2.27 ;4.70 4.98 4.92 4.50 3.77 2.77 1.58 0.27 -1.05 -2.31 -3.39 -4.24 -4.79 -5.00 -4.85 -4.37 -3.57 -2.52 -1.30 0.02 1.34 2.56 3.60 4.39 4.86 5.00 4.78 4.22 3.36 2.27 ;4.70 4.98 4.92 4.50 3.77 2.77 1.58 0.27 -1.05 -2.31 -3.39 -4.24 -4.79 -5.00 -4.85 -4.37 -3.57 -2.52 -1.30 0.02 1.34 2.56 3.60 4.39 4.86 5.00 4.78 4.22 3.36 2.27 ;4.70 4.98 4.92 4.50 3.77 2.77 1.58 0.27 -1.05 -2.31 -3.39 -4.24 -4.79 -5.00 -4.85 -4.37 -3.57 -2.52 -1.30 0.02 1.34 2.56 3.60 4.39 4.86 5.00 4.78 4.22 3.36 2.27 ;4.70 4.98 4.92 4.50 3.77 2.77 1.58 0.27 -1.05 -2.31 -3.39 -4.24 -4.79 -5.00 -4.85 -4.37 -3.57 -2.52 -1.30 0.02 1.34 2.56 3.60 4.39 4.86 5.00 4.78 4.22 3.36 2.27 ;4.70 4.98 4.92 4.50 3.77 2.77 1.58 0.27 -1.05 -2.31 -3.39 -4.24 -4.79 -5.00 -4.85 -4.37 -3.57 -2.52 -1.30 0.02 1.34 2.56 3.60 4.39 4.86 5.00 4.78 4.22 3.36 2.27 ;4.70 4.98 4.92 4.50 3.77 2.77 1.58 0.27 -1.05 -2.31 -3.39 -4.24 -4.79 -5.00 -4.85 -4.37 -3.57 -2.52 -1.30 0.02 1.34 2.56 3.60 4.39 4.86 5.00 4.78 4.22 3.36 2.27 ;4.70 4.98 4.92 4.50 3.77 2.77 1.58 0.27 -1.05 -2.31 -3.39 -4.24 -4.79 -5.00 -4.85 -4.37 -3.57 -2.52 -1.30 0.02 1.34 2.56 3.60 4.39 4.86 5.00 4.78 4.22 3.36 2.27 ;4.70 4.98 4.92 4.50 3.77 2.77 1.58 0.27 -1.05 -2.31 -3.39 -4.24 -4.79 -5.00 -4.85 -4.37 -3.57 -2.52 -1.30 0.02 1.34 2.56 3.60 4.39 4.86 5.00 4.78 4.22 3.36 2.27 ;4.70 4.98 4.92 4.50 3.77 2.77 1.58 0.27 -1.05 -2.31 -3.39 -4.24 -4.79 -5.00 -4.85 -4.37 -3.57 -2.52 -1.30 0.02 1.34 2.56 3.60 4.39 4.86 5.00 4.78 4.22 3.36 2.27 ;4.70 4.98 4.92 4.50 3.77 2.77 1.58 0.27 -1.05 -2.31 -3.39 -4.24 -4.79 -5.00 -4.85 -4.37 -3.57 -2.52 -1.30 0.02 1.34 2.56 3.60 4.39 4.86 5.00 4.78 4.22 3.36 2.27 ;4.70 4.98 4.92 4.50 3.77 2.77 1.58 0.27 -1.05 -2.31 -3.39 -4.24 -4.79 -5.00 -4.85 -4.37 -3.57 -2.52 -1.30 0.02 1.34 2.56 3.60 4.39 4.86 5.00 4.78 4.22 3.36 2.27 ;4.70 4.98 4.92 4.50 3.77 2.77 1.58 0.27 -1.05 -2.31 -3.39 -4.24 -4.79 -5.00 -4.85 -4.37 -3.57 -2.52 -1.30 0.02 1.34 2.56 3.60 4.39 4.86 5.00 4.78 4.22 3.36 2.27 ;];
