u73 = [3.73 4.47 4.90 4.99 4.72 4.12 3.22 2.10 0.83 -0.50 -1.79 -2.96 -3.91 -4.60 -4.95 -4.96 -4.61 -3.94 -3.00 -1.83 -0.54 0.78 2.06 3.19 4.09 4.70 4.98 4.91 4.49 3.76 ;3.73 4.47 4.90 4.99 4.72 4.12 3.22 2.10 0.83 -0.50 -1.79 -2.96 -3.91 -4.60 -4.95 -4.96 -4.61 -3.94 -3.00 -1.83 -0.54 0.78 2.06 3.19 4.09 4.70 4.98 4.91 4.49 3.76 ;3.73 4.47 4.90 4.99 4.72 4.12 3.22 2.10 0.83 -0.50 -1.79 -2.96 -3.91 -4.60 -4.95 -4.96 -4.61 -3.94 -3.00 -1.83 -0.54 0.78 2.06 3.19 4.09 4.70 4.98 4.91 4.49 3.76 ;3.73 4.47 4.90 4.99 4.72 4.12 3.22 2.10 0.83 -0.50 -1.79 -2.96 -3.91 -4.60 -4.95 -4.96 -4.61 -3.94 -3.00 -1.83 -0.54 0.78 2.06 3.19 4.09 4.70 4.98 4.91 4.49 3.76 ;3.73 4.47 4.90 4.99 4.72 4.12 3.22 2.10 0.83 -0.50 -1.79 -2.96 -3.91 -4.60 -4.95 -4.96 -4.61 -3.94 -3.00 -1.83 -0.54 0.78 2.06 3.19 4.09 4.70 4.98 4.91 4.49 3.76 ;3.73 4.47 4.90 4.99 4.72 4.12 3.22 2.10 0.83 -0.50 -1.79 -2.96 -3.91 -4.60 -4.95 -4.96 -4.61 -3.94 -3.00 -1.83 -0.54 0.78 2.06 3.19 4.09 4.70 4.98 4.91 4.49 3.76 ;3.73 4.47 4.90 4.99 4.72 4.12 3.22 2.10 0.83 -0.50 -1.79 -2.96 -3.91 -4.60 -4.95 -4.96 -4.61 -3.94 -3.00 -1.83 -0.54 0.78 2.06 3.19 4.09 4.70 4.98 4.91 4.49 3.76 ;3.73 4.47 4.90 4.99 4.72 4.12 3.22 2.10 0.83 -0.50 -1.79 -2.96 -3.91 -4.60 -4.95 -4.96 -4.61 -3.94 -3.00 -1.83 -0.54 0.78 2.06 3.19 4.09 4.70 4.98 4.91 4.49 3.76 ;3.73 4.47 4.90 4.99 4.72 4.12 3.22 2.10 0.83 -0.50 -1.79 -2.96 -3.91 -4.60 -4.95 -4.96 -4.61 -3.94 -3.00 -1.83 -0.54 0.78 2.06 3.19 4.09 4.70 4.98 4.91 4.49 3.76 ;3.73 4.47 4.90 4.99 4.72 4.12 3.22 2.10 0.83 -0.50 -1.79 -2.96 -3.91 -4.60 -4.95 -4.96 -4.61 -3.94 -3.00 -1.83 -0.54 0.78 2.06 3.19 4.09 4.70 4.98 4.91 4.49 3.76 ;3.73 4.47 4.90 4.99 4.72 4.12 3.22 2.10 0.83 -0.50 -1.79 -2.96 -3.91 -4.60 -4.95 -4.96 -4.61 -3.94 -3.00 -1.83 -0.54 0.78 2.06 3.19 4.09 4.70 4.98 4.91 4.49 3.76 ;3.73 4.47 4.90 4.99 4.72 4.12 3.22 2.10 0.83 -0.50 -1.79 -2.96 -3.91 -4.60 -4.95 -4.96 -4.61 -3.94 -3.00 -1.83 -0.54 0.78 2.06 3.19 4.09 4.70 4.98 4.91 4.49 3.76 ;3.73 4.47 4.90 4.99 4.72 4.12 3.22 2.10 0.83 -0.50 -1.79 -2.96 -3.91 -4.60 -4.95 -4.96 -4.61 -3.94 -3.00 -1.83 -0.54 0.78 2.06 3.19 4.09 4.70 4.98 4.91 4.49 3.76 ;3.73 4.47 4.90 4.99 4.72 4.12 3.22 2.10 0.83 -0.50 -1.79 -2.96 -3.91 -4.60 -4.95 -4.96 -4.61 -3.94 -3.00 -1.83 -0.54 0.78 2.06 3.19 4.09 4.70 4.98 4.91 4.49 3.76 ;3.73 4.47 4.90 4.99 4.72 4.12 3.22 2.10 0.83 -0.50 -1.79 -2.96 -3.91 -4.60 -4.95 -4.96 -4.61 -3.94 -3.00 -1.83 -0.54 0.78 2.06 3.19 4.09 4.70 4.98 4.91 4.49 3.76 ;3.73 4.47 4.90 4.99 4.72 4.12 3.22 2.10 0.83 -0.50 -1.79 -2.96 -3.91 -4.60 -4.95 -4.96 -4.61 -3.94 -3.00 -1.83 -0.54 0.78 2.06 3.19 4.09 4.70 4.98 4.91 4.49 3.76 ;3.73 4.47 4.90 4.99 4.72 4.12 3.22 2.10 0.83 -0.50 -1.79 -2.96 -3.91 -4.60 -4.95 -4.96 -4.61 -3.94 -3.00 -1.83 -0.54 0.78 2.06 3.19 4.09 4.70 4.98 4.91 4.49 3.76 ;3.73 4.47 4.90 4.99 4.72 4.12 3.22 2.10 0.83 -0.50 -1.79 -2.96 -3.91 -4.60 -4.95 -4.96 -4.61 -3.94 -3.00 -1.83 -0.54 0.78 2.06 3.19 4.09 4.70 4.98 4.91 4.49 3.76 ;3.73 4.47 4.90 4.99 4.72 4.12 3.22 2.10 0.83 -0.50 -1.79 -2.96 -3.91 -4.60 -4.95 -4.96 -4.61 -3.94 -3.00 -1.83 -0.54 0.78 2.06 3.19 4.09 4.70 4.98 4.91 4.49 3.76 ;3.73 4.47 4.90 4.99 4.72 4.12 3.22 2.10 0.83 -0.50 -1.79 -2.96 -3.91 -4.60 -4.95 -4.96 -4.61 -3.94 -3.00 -1.83 -0.54 0.78 2.06 3.19 4.09 4.70 4.98 4.91 4.49 3.76 ;3.73 4.47 4.90 4.99 4.72 4.12 3.22 2.10 0.83 -0.50 -1.79 -2.96 -3.91 -4.60 -4.95 -4.96 -4.61 -3.94 -3.00 -1.83 -0.54 0.78 2.06 3.19 4.09 4.70 4.98 4.91 4.49 3.76 ;3.73 4.47 4.90 4.99 4.72 4.12 3.22 2.10 0.83 -0.50 -1.79 -2.96 -3.91 -4.60 -4.95 -4.96 -4.61 -3.94 -3.00 -1.83 -0.54 0.78 2.06 3.19 4.09 4.70 4.98 4.91 4.49 3.76 ;3.73 4.47 4.90 4.99 4.72 4.12 3.22 2.10 0.83 -0.50 -1.79 -2.96 -3.91 -4.60 -4.95 -4.96 -4.61 -3.94 -3.00 -1.83 -0.54 0.78 2.06 3.19 4.09 4.70 4.98 4.91 4.49 3.76 ;3.73 4.47 4.90 4.99 4.72 4.12 3.22 2.10 0.83 -0.50 -1.79 -2.96 -3.91 -4.60 -4.95 -4.96 -4.61 -3.94 -3.00 -1.83 -0.54 0.78 2.06 3.19 4.09 4.70 4.98 4.91 4.49 3.76 ;3.73 4.47 4.90 4.99 4.72 4.12 3.22 2.10 0.83 -0.50 -1.79 -2.96 -3.91 -4.60 -4.95 -4.96 -4.61 -3.94 -3.00 -1.83 -0.54 0.78 2.06 3.19 4.09 4.70 4.98 4.91 4.49 3.76 ;3.73 4.47 4.90 4.99 4.72 4.12 3.22 2.10 0.83 -0.50 -1.79 -2.96 -3.91 -4.60 -4.95 -4.96 -4.61 -3.94 -3.00 -1.83 -0.54 0.78 2.06 3.19 4.09 4.70 4.98 4.91 4.49 3.76 ;3.73 4.47 4.90 4.99 4.72 4.12 3.22 2.10 0.83 -0.50 -1.79 -2.96 -3.91 -4.60 -4.95 -4.96 -4.61 -3.94 -3.00 -1.83 -0.54 0.78 2.06 3.19 4.09 4.70 4.98 4.91 4.49 3.76 ;3.73 4.47 4.90 4.99 4.72 4.12 3.22 2.10 0.83 -0.50 -1.79 -2.96 -3.91 -4.60 -4.95 -4.96 -4.61 -3.94 -3.00 -1.83 -0.54 0.78 2.06 3.19 4.09 4.70 4.98 4.91 4.49 3.76 ;3.73 4.47 4.90 4.99 4.72 4.12 3.22 2.10 0.83 -0.50 -1.79 -2.96 -3.91 -4.60 -4.95 -4.96 -4.61 -3.94 -3.00 -1.83 -0.54 0.78 2.06 3.19 4.09 4.70 4.98 4.91 4.49 3.76 ;3.73 4.47 4.90 4.99 4.72 4.12 3.22 2.10 0.83 -0.50 -1.79 -2.96 -3.91 -4.60 -4.95 -4.96 -4.61 -3.94 -3.00 -1.83 -0.54 0.78 2.06 3.19 4.09 4.70 4.98 4.91 4.49 3.76 ;];
