u97 = [2.83 3.81 4.53 4.93 4.98 4.67 4.04 3.12 1.98 0.70 -0.63 -1.91 -3.06 -4.00 -4.65 -4.97 -4.94 -4.56 -3.86 -2.89 -1.71 -0.41 0.92 2.18 3.29 4.16 4.75 4.99 4.89 4.43 ;2.83 3.81 4.53 4.93 4.98 4.67 4.04 3.12 1.98 0.70 -0.63 -1.91 -3.06 -4.00 -4.65 -4.97 -4.94 -4.56 -3.86 -2.89 -1.71 -0.41 0.92 2.18 3.29 4.16 4.75 4.99 4.89 4.43 ;2.83 3.81 4.53 4.93 4.98 4.67 4.04 3.12 1.98 0.70 -0.63 -1.91 -3.06 -4.00 -4.65 -4.97 -4.94 -4.56 -3.86 -2.89 -1.71 -0.41 0.92 2.18 3.29 4.16 4.75 4.99 4.89 4.43 ;2.83 3.81 4.53 4.93 4.98 4.67 4.04 3.12 1.98 0.70 -0.63 -1.91 -3.06 -4.00 -4.65 -4.97 -4.94 -4.56 -3.86 -2.89 -1.71 -0.41 0.92 2.18 3.29 4.16 4.75 4.99 4.89 4.43 ;2.83 3.81 4.53 4.93 4.98 4.67 4.04 3.12 1.98 0.70 -0.63 -1.91 -3.06 -4.00 -4.65 -4.97 -4.94 -4.56 -3.86 -2.89 -1.71 -0.41 0.92 2.18 3.29 4.16 4.75 4.99 4.89 4.43 ;2.83 3.81 4.53 4.93 4.98 4.67 4.04 3.12 1.98 0.70 -0.63 -1.91 -3.06 -4.00 -4.65 -4.97 -4.94 -4.56 -3.86 -2.89 -1.71 -0.41 0.92 2.18 3.29 4.16 4.75 4.99 4.89 4.43 ;2.83 3.81 4.53 4.93 4.98 4.67 4.04 3.12 1.98 0.70 -0.63 -1.91 -3.06 -4.00 -4.65 -4.97 -4.94 -4.56 -3.86 -2.89 -1.71 -0.41 0.92 2.18 3.29 4.16 4.75 4.99 4.89 4.43 ;2.83 3.81 4.53 4.93 4.98 4.67 4.04 3.12 1.98 0.70 -0.63 -1.91 -3.06 -4.00 -4.65 -4.97 -4.94 -4.56 -3.86 -2.89 -1.71 -0.41 0.92 2.18 3.29 4.16 4.75 4.99 4.89 4.43 ;2.83 3.81 4.53 4.93 4.98 4.67 4.04 3.12 1.98 0.70 -0.63 -1.91 -3.06 -4.00 -4.65 -4.97 -4.94 -4.56 -3.86 -2.89 -1.71 -0.41 0.92 2.18 3.29 4.16 4.75 4.99 4.89 4.43 ;2.83 3.81 4.53 4.93 4.98 4.67 4.04 3.12 1.98 0.70 -0.63 -1.91 -3.06 -4.00 -4.65 -4.97 -4.94 -4.56 -3.86 -2.89 -1.71 -0.41 0.92 2.18 3.29 4.16 4.75 4.99 4.89 4.43 ;2.83 3.81 4.53 4.93 4.98 4.67 4.04 3.12 1.98 0.70 -0.63 -1.91 -3.06 -4.00 -4.65 -4.97 -4.94 -4.56 -3.86 -2.89 -1.71 -0.41 0.92 2.18 3.29 4.16 4.75 4.99 4.89 4.43 ;2.83 3.81 4.53 4.93 4.98 4.67 4.04 3.12 1.98 0.70 -0.63 -1.91 -3.06 -4.00 -4.65 -4.97 -4.94 -4.56 -3.86 -2.89 -1.71 -0.41 0.92 2.18 3.29 4.16 4.75 4.99 4.89 4.43 ;2.83 3.81 4.53 4.93 4.98 4.67 4.04 3.12 1.98 0.70 -0.63 -1.91 -3.06 -4.00 -4.65 -4.97 -4.94 -4.56 -3.86 -2.89 -1.71 -0.41 0.92 2.18 3.29 4.16 4.75 4.99 4.89 4.43 ;2.83 3.81 4.53 4.93 4.98 4.67 4.04 3.12 1.98 0.70 -0.63 -1.91 -3.06 -4.00 -4.65 -4.97 -4.94 -4.56 -3.86 -2.89 -1.71 -0.41 0.92 2.18 3.29 4.16 4.75 4.99 4.89 4.43 ;2.83 3.81 4.53 4.93 4.98 4.67 4.04 3.12 1.98 0.70 -0.63 -1.91 -3.06 -4.00 -4.65 -4.97 -4.94 -4.56 -3.86 -2.89 -1.71 -0.41 0.92 2.18 3.29 4.16 4.75 4.99 4.89 4.43 ;2.83 3.81 4.53 4.93 4.98 4.67 4.04 3.12 1.98 0.70 -0.63 -1.91 -3.06 -4.00 -4.65 -4.97 -4.94 -4.56 -3.86 -2.89 -1.71 -0.41 0.92 2.18 3.29 4.16 4.75 4.99 4.89 4.43 ;2.83 3.81 4.53 4.93 4.98 4.67 4.04 3.12 1.98 0.70 -0.63 -1.91 -3.06 -4.00 -4.65 -4.97 -4.94 -4.56 -3.86 -2.89 -1.71 -0.41 0.92 2.18 3.29 4.16 4.75 4.99 4.89 4.43 ;2.83 3.81 4.53 4.93 4.98 4.67 4.04 3.12 1.98 0.70 -0.63 -1.91 -3.06 -4.00 -4.65 -4.97 -4.94 -4.56 -3.86 -2.89 -1.71 -0.41 0.92 2.18 3.29 4.16 4.75 4.99 4.89 4.43 ;2.83 3.81 4.53 4.93 4.98 4.67 4.04 3.12 1.98 0.70 -0.63 -1.91 -3.06 -4.00 -4.65 -4.97 -4.94 -4.56 -3.86 -2.89 -1.71 -0.41 0.92 2.18 3.29 4.16 4.75 4.99 4.89 4.43 ;2.83 3.81 4.53 4.93 4.98 4.67 4.04 3.12 1.98 0.70 -0.63 -1.91 -3.06 -4.00 -4.65 -4.97 -4.94 -4.56 -3.86 -2.89 -1.71 -0.41 0.92 2.18 3.29 4.16 4.75 4.99 4.89 4.43 ;2.83 3.81 4.53 4.93 4.98 4.67 4.04 3.12 1.98 0.70 -0.63 -1.91 -3.06 -4.00 -4.65 -4.97 -4.94 -4.56 -3.86 -2.89 -1.71 -0.41 0.92 2.18 3.29 4.16 4.75 4.99 4.89 4.43 ;2.83 3.81 4.53 4.93 4.98 4.67 4.04 3.12 1.98 0.70 -0.63 -1.91 -3.06 -4.00 -4.65 -4.97 -4.94 -4.56 -3.86 -2.89 -1.71 -0.41 0.92 2.18 3.29 4.16 4.75 4.99 4.89 4.43 ;2.83 3.81 4.53 4.93 4.98 4.67 4.04 3.12 1.98 0.70 -0.63 -1.91 -3.06 -4.00 -4.65 -4.97 -4.94 -4.56 -3.86 -2.89 -1.71 -0.41 0.92 2.18 3.29 4.16 4.75 4.99 4.89 4.43 ;2.83 3.81 4.53 4.93 4.98 4.67 4.04 3.12 1.98 0.70 -0.63 -1.91 -3.06 -4.00 -4.65 -4.97 -4.94 -4.56 -3.86 -2.89 -1.71 -0.41 0.92 2.18 3.29 4.16 4.75 4.99 4.89 4.43 ;2.83 3.81 4.53 4.93 4.98 4.67 4.04 3.12 1.98 0.70 -0.63 -1.91 -3.06 -4.00 -4.65 -4.97 -4.94 -4.56 -3.86 -2.89 -1.71 -0.41 0.92 2.18 3.29 4.16 4.75 4.99 4.89 4.43 ;2.83 3.81 4.53 4.93 4.98 4.67 4.04 3.12 1.98 0.70 -0.63 -1.91 -3.06 -4.00 -4.65 -4.97 -4.94 -4.56 -3.86 -2.89 -1.71 -0.41 0.92 2.18 3.29 4.16 4.75 4.99 4.89 4.43 ;2.83 3.81 4.53 4.93 4.98 4.67 4.04 3.12 1.98 0.70 -0.63 -1.91 -3.06 -4.00 -4.65 -4.97 -4.94 -4.56 -3.86 -2.89 -1.71 -0.41 0.92 2.18 3.29 4.16 4.75 4.99 4.89 4.43 ;2.83 3.81 4.53 4.93 4.98 4.67 4.04 3.12 1.98 0.70 -0.63 -1.91 -3.06 -4.00 -4.65 -4.97 -4.94 -4.56 -3.86 -2.89 -1.71 -0.41 0.92 2.18 3.29 4.16 4.75 4.99 4.89 4.43 ;2.83 3.81 4.53 4.93 4.98 4.67 4.04 3.12 1.98 0.70 -0.63 -1.91 -3.06 -4.00 -4.65 -4.97 -4.94 -4.56 -3.86 -2.89 -1.71 -0.41 0.92 2.18 3.29 4.16 4.75 4.99 4.89 4.43 ;2.83 3.81 4.53 4.93 4.98 4.67 4.04 3.12 1.98 0.70 -0.63 -1.91 -3.06 -4.00 -4.65 -4.97 -4.94 -4.56 -3.86 -2.89 -1.71 -0.41 0.92 2.18 3.29 4.16 4.75 4.99 4.89 4.43 ;];
