u13 = [4.96 4.95 4.60 3.92 2.96 1.80 0.50 -0.83 -2.10 -3.22 -4.11 -4.72 -4.99 -4.91 -4.48 -3.73 -2.72 -1.52 -0.21 1.11 2.36 3.44 4.27 4.81 5.00 4.84 4.34 3.53 2.47 1.24 ;4.96 4.95 4.60 3.92 2.96 1.80 0.50 -0.83 -2.10 -3.22 -4.11 -4.72 -4.99 -4.91 -4.48 -3.73 -2.72 -1.52 -0.21 1.11 2.36 3.44 4.27 4.81 5.00 4.84 4.34 3.53 2.47 1.24 ;4.96 4.95 4.60 3.92 2.96 1.80 0.50 -0.83 -2.10 -3.22 -4.11 -4.72 -4.99 -4.91 -4.48 -3.73 -2.72 -1.52 -0.21 1.11 2.36 3.44 4.27 4.81 5.00 4.84 4.34 3.53 2.47 1.24 ;4.96 4.95 4.60 3.92 2.96 1.80 0.50 -0.83 -2.10 -3.22 -4.11 -4.72 -4.99 -4.91 -4.48 -3.73 -2.72 -1.52 -0.21 1.11 2.36 3.44 4.27 4.81 5.00 4.84 4.34 3.53 2.47 1.24 ;4.96 4.95 4.60 3.92 2.96 1.80 0.50 -0.83 -2.10 -3.22 -4.11 -4.72 -4.99 -4.91 -4.48 -3.73 -2.72 -1.52 -0.21 1.11 2.36 3.44 4.27 4.81 5.00 4.84 4.34 3.53 2.47 1.24 ;4.96 4.95 4.60 3.92 2.96 1.80 0.50 -0.83 -2.10 -3.22 -4.11 -4.72 -4.99 -4.91 -4.48 -3.73 -2.72 -1.52 -0.21 1.11 2.36 3.44 4.27 4.81 5.00 4.84 4.34 3.53 2.47 1.24 ;4.96 4.95 4.60 3.92 2.96 1.80 0.50 -0.83 -2.10 -3.22 -4.11 -4.72 -4.99 -4.91 -4.48 -3.73 -2.72 -1.52 -0.21 1.11 2.36 3.44 4.27 4.81 5.00 4.84 4.34 3.53 2.47 1.24 ;4.96 4.95 4.60 3.92 2.96 1.80 0.50 -0.83 -2.10 -3.22 -4.11 -4.72 -4.99 -4.91 -4.48 -3.73 -2.72 -1.52 -0.21 1.11 2.36 3.44 4.27 4.81 5.00 4.84 4.34 3.53 2.47 1.24 ;4.96 4.95 4.60 3.92 2.96 1.80 0.50 -0.83 -2.10 -3.22 -4.11 -4.72 -4.99 -4.91 -4.48 -3.73 -2.72 -1.52 -0.21 1.11 2.36 3.44 4.27 4.81 5.00 4.84 4.34 3.53 2.47 1.24 ;4.96 4.95 4.60 3.92 2.96 1.80 0.50 -0.83 -2.10 -3.22 -4.11 -4.72 -4.99 -4.91 -4.48 -3.73 -2.72 -1.52 -0.21 1.11 2.36 3.44 4.27 4.81 5.00 4.84 4.34 3.53 2.47 1.24 ;4.96 4.95 4.60 3.92 2.96 1.80 0.50 -0.83 -2.10 -3.22 -4.11 -4.72 -4.99 -4.91 -4.48 -3.73 -2.72 -1.52 -0.21 1.11 2.36 3.44 4.27 4.81 5.00 4.84 4.34 3.53 2.47 1.24 ;4.96 4.95 4.60 3.92 2.96 1.80 0.50 -0.83 -2.10 -3.22 -4.11 -4.72 -4.99 -4.91 -4.48 -3.73 -2.72 -1.52 -0.21 1.11 2.36 3.44 4.27 4.81 5.00 4.84 4.34 3.53 2.47 1.24 ;4.96 4.95 4.60 3.92 2.96 1.80 0.50 -0.83 -2.10 -3.22 -4.11 -4.72 -4.99 -4.91 -4.48 -3.73 -2.72 -1.52 -0.21 1.11 2.36 3.44 4.27 4.81 5.00 4.84 4.34 3.53 2.47 1.24 ;4.96 4.95 4.60 3.92 2.96 1.80 0.50 -0.83 -2.10 -3.22 -4.11 -4.72 -4.99 -4.91 -4.48 -3.73 -2.72 -1.52 -0.21 1.11 2.36 3.44 4.27 4.81 5.00 4.84 4.34 3.53 2.47 1.24 ;4.96 4.95 4.60 3.92 2.96 1.80 0.50 -0.83 -2.10 -3.22 -4.11 -4.72 -4.99 -4.91 -4.48 -3.73 -2.72 -1.52 -0.21 1.11 2.36 3.44 4.27 4.81 5.00 4.84 4.34 3.53 2.47 1.24 ;4.96 4.95 4.60 3.92 2.96 1.80 0.50 -0.83 -2.10 -3.22 -4.11 -4.72 -4.99 -4.91 -4.48 -3.73 -2.72 -1.52 -0.21 1.11 2.36 3.44 4.27 4.81 5.00 4.84 4.34 3.53 2.47 1.24 ;4.96 4.95 4.60 3.92 2.96 1.80 0.50 -0.83 -2.10 -3.22 -4.11 -4.72 -4.99 -4.91 -4.48 -3.73 -2.72 -1.52 -0.21 1.11 2.36 3.44 4.27 4.81 5.00 4.84 4.34 3.53 2.47 1.24 ;4.96 4.95 4.60 3.92 2.96 1.80 0.50 -0.83 -2.10 -3.22 -4.11 -4.72 -4.99 -4.91 -4.48 -3.73 -2.72 -1.52 -0.21 1.11 2.36 3.44 4.27 4.81 5.00 4.84 4.34 3.53 2.47 1.24 ;4.96 4.95 4.60 3.92 2.96 1.80 0.50 -0.83 -2.10 -3.22 -4.11 -4.72 -4.99 -4.91 -4.48 -3.73 -2.72 -1.52 -0.21 1.11 2.36 3.44 4.27 4.81 5.00 4.84 4.34 3.53 2.47 1.24 ;4.96 4.95 4.60 3.92 2.96 1.80 0.50 -0.83 -2.10 -3.22 -4.11 -4.72 -4.99 -4.91 -4.48 -3.73 -2.72 -1.52 -0.21 1.11 2.36 3.44 4.27 4.81 5.00 4.84 4.34 3.53 2.47 1.24 ;4.96 4.95 4.60 3.92 2.96 1.80 0.50 -0.83 -2.10 -3.22 -4.11 -4.72 -4.99 -4.91 -4.48 -3.73 -2.72 -1.52 -0.21 1.11 2.36 3.44 4.27 4.81 5.00 4.84 4.34 3.53 2.47 1.24 ;4.96 4.95 4.60 3.92 2.96 1.80 0.50 -0.83 -2.10 -3.22 -4.11 -4.72 -4.99 -4.91 -4.48 -3.73 -2.72 -1.52 -0.21 1.11 2.36 3.44 4.27 4.81 5.00 4.84 4.34 3.53 2.47 1.24 ;4.96 4.95 4.60 3.92 2.96 1.80 0.50 -0.83 -2.10 -3.22 -4.11 -4.72 -4.99 -4.91 -4.48 -3.73 -2.72 -1.52 -0.21 1.11 2.36 3.44 4.27 4.81 5.00 4.84 4.34 3.53 2.47 1.24 ;4.96 4.95 4.60 3.92 2.96 1.80 0.50 -0.83 -2.10 -3.22 -4.11 -4.72 -4.99 -4.91 -4.48 -3.73 -2.72 -1.52 -0.21 1.11 2.36 3.44 4.27 4.81 5.00 4.84 4.34 3.53 2.47 1.24 ;4.96 4.95 4.60 3.92 2.96 1.80 0.50 -0.83 -2.10 -3.22 -4.11 -4.72 -4.99 -4.91 -4.48 -3.73 -2.72 -1.52 -0.21 1.11 2.36 3.44 4.27 4.81 5.00 4.84 4.34 3.53 2.47 1.24 ;4.96 4.95 4.60 3.92 2.96 1.80 0.50 -0.83 -2.10 -3.22 -4.11 -4.72 -4.99 -4.91 -4.48 -3.73 -2.72 -1.52 -0.21 1.11 2.36 3.44 4.27 4.81 5.00 4.84 4.34 3.53 2.47 1.24 ;4.96 4.95 4.60 3.92 2.96 1.80 0.50 -0.83 -2.10 -3.22 -4.11 -4.72 -4.99 -4.91 -4.48 -3.73 -2.72 -1.52 -0.21 1.11 2.36 3.44 4.27 4.81 5.00 4.84 4.34 3.53 2.47 1.24 ;4.96 4.95 4.60 3.92 2.96 1.80 0.50 -0.83 -2.10 -3.22 -4.11 -4.72 -4.99 -4.91 -4.48 -3.73 -2.72 -1.52 -0.21 1.11 2.36 3.44 4.27 4.81 5.00 4.84 4.34 3.53 2.47 1.24 ;4.96 4.95 4.60 3.92 2.96 1.80 0.50 -0.83 -2.10 -3.22 -4.11 -4.72 -4.99 -4.91 -4.48 -3.73 -2.72 -1.52 -0.21 1.11 2.36 3.44 4.27 4.81 5.00 4.84 4.34 3.53 2.47 1.24 ;4.96 4.95 4.60 3.92 2.96 1.80 0.50 -0.83 -2.10 -3.22 -4.11 -4.72 -4.99 -4.91 -4.48 -3.73 -2.72 -1.52 -0.21 1.11 2.36 3.44 4.27 4.81 5.00 4.84 4.34 3.53 2.47 1.24 ;];
