u23 = [4.87 5.00 4.77 4.21 3.35 2.25 1.00 -0.33 -1.63 -2.82 -3.81 -4.53 -4.93 -4.98 -4.68 -4.04 -3.13 -1.99 -0.71 0.62 1.91 3.06 3.99 4.64 4.97 4.94 4.57 3.87 2.89 1.72 ;4.87 5.00 4.77 4.21 3.35 2.25 1.00 -0.33 -1.63 -2.82 -3.81 -4.53 -4.93 -4.98 -4.68 -4.04 -3.13 -1.99 -0.71 0.62 1.91 3.06 3.99 4.64 4.97 4.94 4.57 3.87 2.89 1.72 ;4.87 5.00 4.77 4.21 3.35 2.25 1.00 -0.33 -1.63 -2.82 -3.81 -4.53 -4.93 -4.98 -4.68 -4.04 -3.13 -1.99 -0.71 0.62 1.91 3.06 3.99 4.64 4.97 4.94 4.57 3.87 2.89 1.72 ;4.87 5.00 4.77 4.21 3.35 2.25 1.00 -0.33 -1.63 -2.82 -3.81 -4.53 -4.93 -4.98 -4.68 -4.04 -3.13 -1.99 -0.71 0.62 1.91 3.06 3.99 4.64 4.97 4.94 4.57 3.87 2.89 1.72 ;4.87 5.00 4.77 4.21 3.35 2.25 1.00 -0.33 -1.63 -2.82 -3.81 -4.53 -4.93 -4.98 -4.68 -4.04 -3.13 -1.99 -0.71 0.62 1.91 3.06 3.99 4.64 4.97 4.94 4.57 3.87 2.89 1.72 ;4.87 5.00 4.77 4.21 3.35 2.25 1.00 -0.33 -1.63 -2.82 -3.81 -4.53 -4.93 -4.98 -4.68 -4.04 -3.13 -1.99 -0.71 0.62 1.91 3.06 3.99 4.64 4.97 4.94 4.57 3.87 2.89 1.72 ;4.87 5.00 4.77 4.21 3.35 2.25 1.00 -0.33 -1.63 -2.82 -3.81 -4.53 -4.93 -4.98 -4.68 -4.04 -3.13 -1.99 -0.71 0.62 1.91 3.06 3.99 4.64 4.97 4.94 4.57 3.87 2.89 1.72 ;4.87 5.00 4.77 4.21 3.35 2.25 1.00 -0.33 -1.63 -2.82 -3.81 -4.53 -4.93 -4.98 -4.68 -4.04 -3.13 -1.99 -0.71 0.62 1.91 3.06 3.99 4.64 4.97 4.94 4.57 3.87 2.89 1.72 ;4.87 5.00 4.77 4.21 3.35 2.25 1.00 -0.33 -1.63 -2.82 -3.81 -4.53 -4.93 -4.98 -4.68 -4.04 -3.13 -1.99 -0.71 0.62 1.91 3.06 3.99 4.64 4.97 4.94 4.57 3.87 2.89 1.72 ;4.87 5.00 4.77 4.21 3.35 2.25 1.00 -0.33 -1.63 -2.82 -3.81 -4.53 -4.93 -4.98 -4.68 -4.04 -3.13 -1.99 -0.71 0.62 1.91 3.06 3.99 4.64 4.97 4.94 4.57 3.87 2.89 1.72 ;4.87 5.00 4.77 4.21 3.35 2.25 1.00 -0.33 -1.63 -2.82 -3.81 -4.53 -4.93 -4.98 -4.68 -4.04 -3.13 -1.99 -0.71 0.62 1.91 3.06 3.99 4.64 4.97 4.94 4.57 3.87 2.89 1.72 ;4.87 5.00 4.77 4.21 3.35 2.25 1.00 -0.33 -1.63 -2.82 -3.81 -4.53 -4.93 -4.98 -4.68 -4.04 -3.13 -1.99 -0.71 0.62 1.91 3.06 3.99 4.64 4.97 4.94 4.57 3.87 2.89 1.72 ;4.87 5.00 4.77 4.21 3.35 2.25 1.00 -0.33 -1.63 -2.82 -3.81 -4.53 -4.93 -4.98 -4.68 -4.04 -3.13 -1.99 -0.71 0.62 1.91 3.06 3.99 4.64 4.97 4.94 4.57 3.87 2.89 1.72 ;4.87 5.00 4.77 4.21 3.35 2.25 1.00 -0.33 -1.63 -2.82 -3.81 -4.53 -4.93 -4.98 -4.68 -4.04 -3.13 -1.99 -0.71 0.62 1.91 3.06 3.99 4.64 4.97 4.94 4.57 3.87 2.89 1.72 ;4.87 5.00 4.77 4.21 3.35 2.25 1.00 -0.33 -1.63 -2.82 -3.81 -4.53 -4.93 -4.98 -4.68 -4.04 -3.13 -1.99 -0.71 0.62 1.91 3.06 3.99 4.64 4.97 4.94 4.57 3.87 2.89 1.72 ;4.87 5.00 4.77 4.21 3.35 2.25 1.00 -0.33 -1.63 -2.82 -3.81 -4.53 -4.93 -4.98 -4.68 -4.04 -3.13 -1.99 -0.71 0.62 1.91 3.06 3.99 4.64 4.97 4.94 4.57 3.87 2.89 1.72 ;4.87 5.00 4.77 4.21 3.35 2.25 1.00 -0.33 -1.63 -2.82 -3.81 -4.53 -4.93 -4.98 -4.68 -4.04 -3.13 -1.99 -0.71 0.62 1.91 3.06 3.99 4.64 4.97 4.94 4.57 3.87 2.89 1.72 ;4.87 5.00 4.77 4.21 3.35 2.25 1.00 -0.33 -1.63 -2.82 -3.81 -4.53 -4.93 -4.98 -4.68 -4.04 -3.13 -1.99 -0.71 0.62 1.91 3.06 3.99 4.64 4.97 4.94 4.57 3.87 2.89 1.72 ;4.87 5.00 4.77 4.21 3.35 2.25 1.00 -0.33 -1.63 -2.82 -3.81 -4.53 -4.93 -4.98 -4.68 -4.04 -3.13 -1.99 -0.71 0.62 1.91 3.06 3.99 4.64 4.97 4.94 4.57 3.87 2.89 1.72 ;4.87 5.00 4.77 4.21 3.35 2.25 1.00 -0.33 -1.63 -2.82 -3.81 -4.53 -4.93 -4.98 -4.68 -4.04 -3.13 -1.99 -0.71 0.62 1.91 3.06 3.99 4.64 4.97 4.94 4.57 3.87 2.89 1.72 ;4.87 5.00 4.77 4.21 3.35 2.25 1.00 -0.33 -1.63 -2.82 -3.81 -4.53 -4.93 -4.98 -4.68 -4.04 -3.13 -1.99 -0.71 0.62 1.91 3.06 3.99 4.64 4.97 4.94 4.57 3.87 2.89 1.72 ;4.87 5.00 4.77 4.21 3.35 2.25 1.00 -0.33 -1.63 -2.82 -3.81 -4.53 -4.93 -4.98 -4.68 -4.04 -3.13 -1.99 -0.71 0.62 1.91 3.06 3.99 4.64 4.97 4.94 4.57 3.87 2.89 1.72 ;4.87 5.00 4.77 4.21 3.35 2.25 1.00 -0.33 -1.63 -2.82 -3.81 -4.53 -4.93 -4.98 -4.68 -4.04 -3.13 -1.99 -0.71 0.62 1.91 3.06 3.99 4.64 4.97 4.94 4.57 3.87 2.89 1.72 ;4.87 5.00 4.77 4.21 3.35 2.25 1.00 -0.33 -1.63 -2.82 -3.81 -4.53 -4.93 -4.98 -4.68 -4.04 -3.13 -1.99 -0.71 0.62 1.91 3.06 3.99 4.64 4.97 4.94 4.57 3.87 2.89 1.72 ;4.87 5.00 4.77 4.21 3.35 2.25 1.00 -0.33 -1.63 -2.82 -3.81 -4.53 -4.93 -4.98 -4.68 -4.04 -3.13 -1.99 -0.71 0.62 1.91 3.06 3.99 4.64 4.97 4.94 4.57 3.87 2.89 1.72 ;4.87 5.00 4.77 4.21 3.35 2.25 1.00 -0.33 -1.63 -2.82 -3.81 -4.53 -4.93 -4.98 -4.68 -4.04 -3.13 -1.99 -0.71 0.62 1.91 3.06 3.99 4.64 4.97 4.94 4.57 3.87 2.89 1.72 ;4.87 5.00 4.77 4.21 3.35 2.25 1.00 -0.33 -1.63 -2.82 -3.81 -4.53 -4.93 -4.98 -4.68 -4.04 -3.13 -1.99 -0.71 0.62 1.91 3.06 3.99 4.64 4.97 4.94 4.57 3.87 2.89 1.72 ;4.87 5.00 4.77 4.21 3.35 2.25 1.00 -0.33 -1.63 -2.82 -3.81 -4.53 -4.93 -4.98 -4.68 -4.04 -3.13 -1.99 -0.71 0.62 1.91 3.06 3.99 4.64 4.97 4.94 4.57 3.87 2.89 1.72 ;4.87 5.00 4.77 4.21 3.35 2.25 1.00 -0.33 -1.63 -2.82 -3.81 -4.53 -4.93 -4.98 -4.68 -4.04 -3.13 -1.99 -0.71 0.62 1.91 3.06 3.99 4.64 4.97 4.94 4.57 3.87 2.89 1.72 ;4.87 5.00 4.77 4.21 3.35 2.25 1.00 -0.33 -1.63 -2.82 -3.81 -4.53 -4.93 -4.98 -4.68 -4.04 -3.13 -1.99 -0.71 0.62 1.91 3.06 3.99 4.64 4.97 4.94 4.57 3.87 2.89 1.72 ;];
