u47 = [4.46 4.90 4.99 4.73 4.14 3.25 2.13 0.87 -0.46 -1.76 -2.93 -3.89 -4.58 -4.95 -4.96 -4.63 -3.97 -3.02 -1.87 -0.58 0.75 2.03 3.16 4.07 4.69 4.98 4.92 4.51 3.78 2.78 ;4.46 4.90 4.99 4.73 4.14 3.25 2.13 0.87 -0.46 -1.76 -2.93 -3.89 -4.58 -4.95 -4.96 -4.63 -3.97 -3.02 -1.87 -0.58 0.75 2.03 3.16 4.07 4.69 4.98 4.92 4.51 3.78 2.78 ;4.46 4.90 4.99 4.73 4.14 3.25 2.13 0.87 -0.46 -1.76 -2.93 -3.89 -4.58 -4.95 -4.96 -4.63 -3.97 -3.02 -1.87 -0.58 0.75 2.03 3.16 4.07 4.69 4.98 4.92 4.51 3.78 2.78 ;4.46 4.90 4.99 4.73 4.14 3.25 2.13 0.87 -0.46 -1.76 -2.93 -3.89 -4.58 -4.95 -4.96 -4.63 -3.97 -3.02 -1.87 -0.58 0.75 2.03 3.16 4.07 4.69 4.98 4.92 4.51 3.78 2.78 ;4.46 4.90 4.99 4.73 4.14 3.25 2.13 0.87 -0.46 -1.76 -2.93 -3.89 -4.58 -4.95 -4.96 -4.63 -3.97 -3.02 -1.87 -0.58 0.75 2.03 3.16 4.07 4.69 4.98 4.92 4.51 3.78 2.78 ;4.46 4.90 4.99 4.73 4.14 3.25 2.13 0.87 -0.46 -1.76 -2.93 -3.89 -4.58 -4.95 -4.96 -4.63 -3.97 -3.02 -1.87 -0.58 0.75 2.03 3.16 4.07 4.69 4.98 4.92 4.51 3.78 2.78 ;4.46 4.90 4.99 4.73 4.14 3.25 2.13 0.87 -0.46 -1.76 -2.93 -3.89 -4.58 -4.95 -4.96 -4.63 -3.97 -3.02 -1.87 -0.58 0.75 2.03 3.16 4.07 4.69 4.98 4.92 4.51 3.78 2.78 ;4.46 4.90 4.99 4.73 4.14 3.25 2.13 0.87 -0.46 -1.76 -2.93 -3.89 -4.58 -4.95 -4.96 -4.63 -3.97 -3.02 -1.87 -0.58 0.75 2.03 3.16 4.07 4.69 4.98 4.92 4.51 3.78 2.78 ;4.46 4.90 4.99 4.73 4.14 3.25 2.13 0.87 -0.46 -1.76 -2.93 -3.89 -4.58 -4.95 -4.96 -4.63 -3.97 -3.02 -1.87 -0.58 0.75 2.03 3.16 4.07 4.69 4.98 4.92 4.51 3.78 2.78 ;4.46 4.90 4.99 4.73 4.14 3.25 2.13 0.87 -0.46 -1.76 -2.93 -3.89 -4.58 -4.95 -4.96 -4.63 -3.97 -3.02 -1.87 -0.58 0.75 2.03 3.16 4.07 4.69 4.98 4.92 4.51 3.78 2.78 ;4.46 4.90 4.99 4.73 4.14 3.25 2.13 0.87 -0.46 -1.76 -2.93 -3.89 -4.58 -4.95 -4.96 -4.63 -3.97 -3.02 -1.87 -0.58 0.75 2.03 3.16 4.07 4.69 4.98 4.92 4.51 3.78 2.78 ;4.46 4.90 4.99 4.73 4.14 3.25 2.13 0.87 -0.46 -1.76 -2.93 -3.89 -4.58 -4.95 -4.96 -4.63 -3.97 -3.02 -1.87 -0.58 0.75 2.03 3.16 4.07 4.69 4.98 4.92 4.51 3.78 2.78 ;4.46 4.90 4.99 4.73 4.14 3.25 2.13 0.87 -0.46 -1.76 -2.93 -3.89 -4.58 -4.95 -4.96 -4.63 -3.97 -3.02 -1.87 -0.58 0.75 2.03 3.16 4.07 4.69 4.98 4.92 4.51 3.78 2.78 ;4.46 4.90 4.99 4.73 4.14 3.25 2.13 0.87 -0.46 -1.76 -2.93 -3.89 -4.58 -4.95 -4.96 -4.63 -3.97 -3.02 -1.87 -0.58 0.75 2.03 3.16 4.07 4.69 4.98 4.92 4.51 3.78 2.78 ;4.46 4.90 4.99 4.73 4.14 3.25 2.13 0.87 -0.46 -1.76 -2.93 -3.89 -4.58 -4.95 -4.96 -4.63 -3.97 -3.02 -1.87 -0.58 0.75 2.03 3.16 4.07 4.69 4.98 4.92 4.51 3.78 2.78 ;4.46 4.90 4.99 4.73 4.14 3.25 2.13 0.87 -0.46 -1.76 -2.93 -3.89 -4.58 -4.95 -4.96 -4.63 -3.97 -3.02 -1.87 -0.58 0.75 2.03 3.16 4.07 4.69 4.98 4.92 4.51 3.78 2.78 ;4.46 4.90 4.99 4.73 4.14 3.25 2.13 0.87 -0.46 -1.76 -2.93 -3.89 -4.58 -4.95 -4.96 -4.63 -3.97 -3.02 -1.87 -0.58 0.75 2.03 3.16 4.07 4.69 4.98 4.92 4.51 3.78 2.78 ;4.46 4.90 4.99 4.73 4.14 3.25 2.13 0.87 -0.46 -1.76 -2.93 -3.89 -4.58 -4.95 -4.96 -4.63 -3.97 -3.02 -1.87 -0.58 0.75 2.03 3.16 4.07 4.69 4.98 4.92 4.51 3.78 2.78 ;4.46 4.90 4.99 4.73 4.14 3.25 2.13 0.87 -0.46 -1.76 -2.93 -3.89 -4.58 -4.95 -4.96 -4.63 -3.97 -3.02 -1.87 -0.58 0.75 2.03 3.16 4.07 4.69 4.98 4.92 4.51 3.78 2.78 ;4.46 4.90 4.99 4.73 4.14 3.25 2.13 0.87 -0.46 -1.76 -2.93 -3.89 -4.58 -4.95 -4.96 -4.63 -3.97 -3.02 -1.87 -0.58 0.75 2.03 3.16 4.07 4.69 4.98 4.92 4.51 3.78 2.78 ;4.46 4.90 4.99 4.73 4.14 3.25 2.13 0.87 -0.46 -1.76 -2.93 -3.89 -4.58 -4.95 -4.96 -4.63 -3.97 -3.02 -1.87 -0.58 0.75 2.03 3.16 4.07 4.69 4.98 4.92 4.51 3.78 2.78 ;4.46 4.90 4.99 4.73 4.14 3.25 2.13 0.87 -0.46 -1.76 -2.93 -3.89 -4.58 -4.95 -4.96 -4.63 -3.97 -3.02 -1.87 -0.58 0.75 2.03 3.16 4.07 4.69 4.98 4.92 4.51 3.78 2.78 ;4.46 4.90 4.99 4.73 4.14 3.25 2.13 0.87 -0.46 -1.76 -2.93 -3.89 -4.58 -4.95 -4.96 -4.63 -3.97 -3.02 -1.87 -0.58 0.75 2.03 3.16 4.07 4.69 4.98 4.92 4.51 3.78 2.78 ;4.46 4.90 4.99 4.73 4.14 3.25 2.13 0.87 -0.46 -1.76 -2.93 -3.89 -4.58 -4.95 -4.96 -4.63 -3.97 -3.02 -1.87 -0.58 0.75 2.03 3.16 4.07 4.69 4.98 4.92 4.51 3.78 2.78 ;4.46 4.90 4.99 4.73 4.14 3.25 2.13 0.87 -0.46 -1.76 -2.93 -3.89 -4.58 -4.95 -4.96 -4.63 -3.97 -3.02 -1.87 -0.58 0.75 2.03 3.16 4.07 4.69 4.98 4.92 4.51 3.78 2.78 ;4.46 4.90 4.99 4.73 4.14 3.25 2.13 0.87 -0.46 -1.76 -2.93 -3.89 -4.58 -4.95 -4.96 -4.63 -3.97 -3.02 -1.87 -0.58 0.75 2.03 3.16 4.07 4.69 4.98 4.92 4.51 3.78 2.78 ;4.46 4.90 4.99 4.73 4.14 3.25 2.13 0.87 -0.46 -1.76 -2.93 -3.89 -4.58 -4.95 -4.96 -4.63 -3.97 -3.02 -1.87 -0.58 0.75 2.03 3.16 4.07 4.69 4.98 4.92 4.51 3.78 2.78 ;4.46 4.90 4.99 4.73 4.14 3.25 2.13 0.87 -0.46 -1.76 -2.93 -3.89 -4.58 -4.95 -4.96 -4.63 -3.97 -3.02 -1.87 -0.58 0.75 2.03 3.16 4.07 4.69 4.98 4.92 4.51 3.78 2.78 ;4.46 4.90 4.99 4.73 4.14 3.25 2.13 0.87 -0.46 -1.76 -2.93 -3.89 -4.58 -4.95 -4.96 -4.63 -3.97 -3.02 -1.87 -0.58 0.75 2.03 3.16 4.07 4.69 4.98 4.92 4.51 3.78 2.78 ;4.46 4.90 4.99 4.73 4.14 3.25 2.13 0.87 -0.46 -1.76 -2.93 -3.89 -4.58 -4.95 -4.96 -4.63 -3.97 -3.02 -1.87 -0.58 0.75 2.03 3.16 4.07 4.69 4.98 4.92 4.51 3.78 2.78 ;];
