u84 = [3.34 4.20 4.77 5.00 4.87 4.40 3.62 2.59 1.37 0.05 -1.27 -2.50 -3.55 -4.35 -4.85 -5.00 -4.80 -4.26 -3.42 -2.33 -1.09 0.24 1.55 2.74 3.75 4.49 4.91 4.99 4.71 4.10 ;3.34 4.20 4.77 5.00 4.87 4.40 3.62 2.59 1.37 0.05 -1.27 -2.50 -3.55 -4.35 -4.85 -5.00 -4.80 -4.26 -3.42 -2.33 -1.09 0.24 1.55 2.74 3.75 4.49 4.91 4.99 4.71 4.10 ;3.34 4.20 4.77 5.00 4.87 4.40 3.62 2.59 1.37 0.05 -1.27 -2.50 -3.55 -4.35 -4.85 -5.00 -4.80 -4.26 -3.42 -2.33 -1.09 0.24 1.55 2.74 3.75 4.49 4.91 4.99 4.71 4.10 ;3.34 4.20 4.77 5.00 4.87 4.40 3.62 2.59 1.37 0.05 -1.27 -2.50 -3.55 -4.35 -4.85 -5.00 -4.80 -4.26 -3.42 -2.33 -1.09 0.24 1.55 2.74 3.75 4.49 4.91 4.99 4.71 4.10 ;3.34 4.20 4.77 5.00 4.87 4.40 3.62 2.59 1.37 0.05 -1.27 -2.50 -3.55 -4.35 -4.85 -5.00 -4.80 -4.26 -3.42 -2.33 -1.09 0.24 1.55 2.74 3.75 4.49 4.91 4.99 4.71 4.10 ;3.34 4.20 4.77 5.00 4.87 4.40 3.62 2.59 1.37 0.05 -1.27 -2.50 -3.55 -4.35 -4.85 -5.00 -4.80 -4.26 -3.42 -2.33 -1.09 0.24 1.55 2.74 3.75 4.49 4.91 4.99 4.71 4.10 ;3.34 4.20 4.77 5.00 4.87 4.40 3.62 2.59 1.37 0.05 -1.27 -2.50 -3.55 -4.35 -4.85 -5.00 -4.80 -4.26 -3.42 -2.33 -1.09 0.24 1.55 2.74 3.75 4.49 4.91 4.99 4.71 4.10 ;3.34 4.20 4.77 5.00 4.87 4.40 3.62 2.59 1.37 0.05 -1.27 -2.50 -3.55 -4.35 -4.85 -5.00 -4.80 -4.26 -3.42 -2.33 -1.09 0.24 1.55 2.74 3.75 4.49 4.91 4.99 4.71 4.10 ;3.34 4.20 4.77 5.00 4.87 4.40 3.62 2.59 1.37 0.05 -1.27 -2.50 -3.55 -4.35 -4.85 -5.00 -4.80 -4.26 -3.42 -2.33 -1.09 0.24 1.55 2.74 3.75 4.49 4.91 4.99 4.71 4.10 ;3.34 4.20 4.77 5.00 4.87 4.40 3.62 2.59 1.37 0.05 -1.27 -2.50 -3.55 -4.35 -4.85 -5.00 -4.80 -4.26 -3.42 -2.33 -1.09 0.24 1.55 2.74 3.75 4.49 4.91 4.99 4.71 4.10 ;3.34 4.20 4.77 5.00 4.87 4.40 3.62 2.59 1.37 0.05 -1.27 -2.50 -3.55 -4.35 -4.85 -5.00 -4.80 -4.26 -3.42 -2.33 -1.09 0.24 1.55 2.74 3.75 4.49 4.91 4.99 4.71 4.10 ;3.34 4.20 4.77 5.00 4.87 4.40 3.62 2.59 1.37 0.05 -1.27 -2.50 -3.55 -4.35 -4.85 -5.00 -4.80 -4.26 -3.42 -2.33 -1.09 0.24 1.55 2.74 3.75 4.49 4.91 4.99 4.71 4.10 ;3.34 4.20 4.77 5.00 4.87 4.40 3.62 2.59 1.37 0.05 -1.27 -2.50 -3.55 -4.35 -4.85 -5.00 -4.80 -4.26 -3.42 -2.33 -1.09 0.24 1.55 2.74 3.75 4.49 4.91 4.99 4.71 4.10 ;3.34 4.20 4.77 5.00 4.87 4.40 3.62 2.59 1.37 0.05 -1.27 -2.50 -3.55 -4.35 -4.85 -5.00 -4.80 -4.26 -3.42 -2.33 -1.09 0.24 1.55 2.74 3.75 4.49 4.91 4.99 4.71 4.10 ;3.34 4.20 4.77 5.00 4.87 4.40 3.62 2.59 1.37 0.05 -1.27 -2.50 -3.55 -4.35 -4.85 -5.00 -4.80 -4.26 -3.42 -2.33 -1.09 0.24 1.55 2.74 3.75 4.49 4.91 4.99 4.71 4.10 ;3.34 4.20 4.77 5.00 4.87 4.40 3.62 2.59 1.37 0.05 -1.27 -2.50 -3.55 -4.35 -4.85 -5.00 -4.80 -4.26 -3.42 -2.33 -1.09 0.24 1.55 2.74 3.75 4.49 4.91 4.99 4.71 4.10 ;3.34 4.20 4.77 5.00 4.87 4.40 3.62 2.59 1.37 0.05 -1.27 -2.50 -3.55 -4.35 -4.85 -5.00 -4.80 -4.26 -3.42 -2.33 -1.09 0.24 1.55 2.74 3.75 4.49 4.91 4.99 4.71 4.10 ;3.34 4.20 4.77 5.00 4.87 4.40 3.62 2.59 1.37 0.05 -1.27 -2.50 -3.55 -4.35 -4.85 -5.00 -4.80 -4.26 -3.42 -2.33 -1.09 0.24 1.55 2.74 3.75 4.49 4.91 4.99 4.71 4.10 ;3.34 4.20 4.77 5.00 4.87 4.40 3.62 2.59 1.37 0.05 -1.27 -2.50 -3.55 -4.35 -4.85 -5.00 -4.80 -4.26 -3.42 -2.33 -1.09 0.24 1.55 2.74 3.75 4.49 4.91 4.99 4.71 4.10 ;3.34 4.20 4.77 5.00 4.87 4.40 3.62 2.59 1.37 0.05 -1.27 -2.50 -3.55 -4.35 -4.85 -5.00 -4.80 -4.26 -3.42 -2.33 -1.09 0.24 1.55 2.74 3.75 4.49 4.91 4.99 4.71 4.10 ;3.34 4.20 4.77 5.00 4.87 4.40 3.62 2.59 1.37 0.05 -1.27 -2.50 -3.55 -4.35 -4.85 -5.00 -4.80 -4.26 -3.42 -2.33 -1.09 0.24 1.55 2.74 3.75 4.49 4.91 4.99 4.71 4.10 ;3.34 4.20 4.77 5.00 4.87 4.40 3.62 2.59 1.37 0.05 -1.27 -2.50 -3.55 -4.35 -4.85 -5.00 -4.80 -4.26 -3.42 -2.33 -1.09 0.24 1.55 2.74 3.75 4.49 4.91 4.99 4.71 4.10 ;3.34 4.20 4.77 5.00 4.87 4.40 3.62 2.59 1.37 0.05 -1.27 -2.50 -3.55 -4.35 -4.85 -5.00 -4.80 -4.26 -3.42 -2.33 -1.09 0.24 1.55 2.74 3.75 4.49 4.91 4.99 4.71 4.10 ;3.34 4.20 4.77 5.00 4.87 4.40 3.62 2.59 1.37 0.05 -1.27 -2.50 -3.55 -4.35 -4.85 -5.00 -4.80 -4.26 -3.42 -2.33 -1.09 0.24 1.55 2.74 3.75 4.49 4.91 4.99 4.71 4.10 ;3.34 4.20 4.77 5.00 4.87 4.40 3.62 2.59 1.37 0.05 -1.27 -2.50 -3.55 -4.35 -4.85 -5.00 -4.80 -4.26 -3.42 -2.33 -1.09 0.24 1.55 2.74 3.75 4.49 4.91 4.99 4.71 4.10 ;3.34 4.20 4.77 5.00 4.87 4.40 3.62 2.59 1.37 0.05 -1.27 -2.50 -3.55 -4.35 -4.85 -5.00 -4.80 -4.26 -3.42 -2.33 -1.09 0.24 1.55 2.74 3.75 4.49 4.91 4.99 4.71 4.10 ;3.34 4.20 4.77 5.00 4.87 4.40 3.62 2.59 1.37 0.05 -1.27 -2.50 -3.55 -4.35 -4.85 -5.00 -4.80 -4.26 -3.42 -2.33 -1.09 0.24 1.55 2.74 3.75 4.49 4.91 4.99 4.71 4.10 ;3.34 4.20 4.77 5.00 4.87 4.40 3.62 2.59 1.37 0.05 -1.27 -2.50 -3.55 -4.35 -4.85 -5.00 -4.80 -4.26 -3.42 -2.33 -1.09 0.24 1.55 2.74 3.75 4.49 4.91 4.99 4.71 4.10 ;3.34 4.20 4.77 5.00 4.87 4.40 3.62 2.59 1.37 0.05 -1.27 -2.50 -3.55 -4.35 -4.85 -5.00 -4.80 -4.26 -3.42 -2.33 -1.09 0.24 1.55 2.74 3.75 4.49 4.91 4.99 4.71 4.10 ;3.34 4.20 4.77 5.00 4.87 4.40 3.62 2.59 1.37 0.05 -1.27 -2.50 -3.55 -4.35 -4.85 -5.00 -4.80 -4.26 -3.42 -2.33 -1.09 0.24 1.55 2.74 3.75 4.49 4.91 4.99 4.71 4.10 ;];
