u85 = [3.30 4.17 4.75 4.99 4.88 4.43 3.66 2.63 1.42 0.10 -1.22 -2.45 -3.51 -4.33 -4.83 -5.00 -4.81 -4.28 -3.45 -2.38 -1.14 0.19 1.50 2.70 3.72 4.47 4.90 4.99 4.72 4.13 ;3.30 4.17 4.75 4.99 4.88 4.43 3.66 2.63 1.42 0.10 -1.22 -2.45 -3.51 -4.33 -4.83 -5.00 -4.81 -4.28 -3.45 -2.38 -1.14 0.19 1.50 2.70 3.72 4.47 4.90 4.99 4.72 4.13 ;3.30 4.17 4.75 4.99 4.88 4.43 3.66 2.63 1.42 0.10 -1.22 -2.45 -3.51 -4.33 -4.83 -5.00 -4.81 -4.28 -3.45 -2.38 -1.14 0.19 1.50 2.70 3.72 4.47 4.90 4.99 4.72 4.13 ;3.30 4.17 4.75 4.99 4.88 4.43 3.66 2.63 1.42 0.10 -1.22 -2.45 -3.51 -4.33 -4.83 -5.00 -4.81 -4.28 -3.45 -2.38 -1.14 0.19 1.50 2.70 3.72 4.47 4.90 4.99 4.72 4.13 ;3.30 4.17 4.75 4.99 4.88 4.43 3.66 2.63 1.42 0.10 -1.22 -2.45 -3.51 -4.33 -4.83 -5.00 -4.81 -4.28 -3.45 -2.38 -1.14 0.19 1.50 2.70 3.72 4.47 4.90 4.99 4.72 4.13 ;3.30 4.17 4.75 4.99 4.88 4.43 3.66 2.63 1.42 0.10 -1.22 -2.45 -3.51 -4.33 -4.83 -5.00 -4.81 -4.28 -3.45 -2.38 -1.14 0.19 1.50 2.70 3.72 4.47 4.90 4.99 4.72 4.13 ;3.30 4.17 4.75 4.99 4.88 4.43 3.66 2.63 1.42 0.10 -1.22 -2.45 -3.51 -4.33 -4.83 -5.00 -4.81 -4.28 -3.45 -2.38 -1.14 0.19 1.50 2.70 3.72 4.47 4.90 4.99 4.72 4.13 ;3.30 4.17 4.75 4.99 4.88 4.43 3.66 2.63 1.42 0.10 -1.22 -2.45 -3.51 -4.33 -4.83 -5.00 -4.81 -4.28 -3.45 -2.38 -1.14 0.19 1.50 2.70 3.72 4.47 4.90 4.99 4.72 4.13 ;3.30 4.17 4.75 4.99 4.88 4.43 3.66 2.63 1.42 0.10 -1.22 -2.45 -3.51 -4.33 -4.83 -5.00 -4.81 -4.28 -3.45 -2.38 -1.14 0.19 1.50 2.70 3.72 4.47 4.90 4.99 4.72 4.13 ;3.30 4.17 4.75 4.99 4.88 4.43 3.66 2.63 1.42 0.10 -1.22 -2.45 -3.51 -4.33 -4.83 -5.00 -4.81 -4.28 -3.45 -2.38 -1.14 0.19 1.50 2.70 3.72 4.47 4.90 4.99 4.72 4.13 ;3.30 4.17 4.75 4.99 4.88 4.43 3.66 2.63 1.42 0.10 -1.22 -2.45 -3.51 -4.33 -4.83 -5.00 -4.81 -4.28 -3.45 -2.38 -1.14 0.19 1.50 2.70 3.72 4.47 4.90 4.99 4.72 4.13 ;3.30 4.17 4.75 4.99 4.88 4.43 3.66 2.63 1.42 0.10 -1.22 -2.45 -3.51 -4.33 -4.83 -5.00 -4.81 -4.28 -3.45 -2.38 -1.14 0.19 1.50 2.70 3.72 4.47 4.90 4.99 4.72 4.13 ;3.30 4.17 4.75 4.99 4.88 4.43 3.66 2.63 1.42 0.10 -1.22 -2.45 -3.51 -4.33 -4.83 -5.00 -4.81 -4.28 -3.45 -2.38 -1.14 0.19 1.50 2.70 3.72 4.47 4.90 4.99 4.72 4.13 ;3.30 4.17 4.75 4.99 4.88 4.43 3.66 2.63 1.42 0.10 -1.22 -2.45 -3.51 -4.33 -4.83 -5.00 -4.81 -4.28 -3.45 -2.38 -1.14 0.19 1.50 2.70 3.72 4.47 4.90 4.99 4.72 4.13 ;3.30 4.17 4.75 4.99 4.88 4.43 3.66 2.63 1.42 0.10 -1.22 -2.45 -3.51 -4.33 -4.83 -5.00 -4.81 -4.28 -3.45 -2.38 -1.14 0.19 1.50 2.70 3.72 4.47 4.90 4.99 4.72 4.13 ;3.30 4.17 4.75 4.99 4.88 4.43 3.66 2.63 1.42 0.10 -1.22 -2.45 -3.51 -4.33 -4.83 -5.00 -4.81 -4.28 -3.45 -2.38 -1.14 0.19 1.50 2.70 3.72 4.47 4.90 4.99 4.72 4.13 ;3.30 4.17 4.75 4.99 4.88 4.43 3.66 2.63 1.42 0.10 -1.22 -2.45 -3.51 -4.33 -4.83 -5.00 -4.81 -4.28 -3.45 -2.38 -1.14 0.19 1.50 2.70 3.72 4.47 4.90 4.99 4.72 4.13 ;3.30 4.17 4.75 4.99 4.88 4.43 3.66 2.63 1.42 0.10 -1.22 -2.45 -3.51 -4.33 -4.83 -5.00 -4.81 -4.28 -3.45 -2.38 -1.14 0.19 1.50 2.70 3.72 4.47 4.90 4.99 4.72 4.13 ;3.30 4.17 4.75 4.99 4.88 4.43 3.66 2.63 1.42 0.10 -1.22 -2.45 -3.51 -4.33 -4.83 -5.00 -4.81 -4.28 -3.45 -2.38 -1.14 0.19 1.50 2.70 3.72 4.47 4.90 4.99 4.72 4.13 ;3.30 4.17 4.75 4.99 4.88 4.43 3.66 2.63 1.42 0.10 -1.22 -2.45 -3.51 -4.33 -4.83 -5.00 -4.81 -4.28 -3.45 -2.38 -1.14 0.19 1.50 2.70 3.72 4.47 4.90 4.99 4.72 4.13 ;3.30 4.17 4.75 4.99 4.88 4.43 3.66 2.63 1.42 0.10 -1.22 -2.45 -3.51 -4.33 -4.83 -5.00 -4.81 -4.28 -3.45 -2.38 -1.14 0.19 1.50 2.70 3.72 4.47 4.90 4.99 4.72 4.13 ;3.30 4.17 4.75 4.99 4.88 4.43 3.66 2.63 1.42 0.10 -1.22 -2.45 -3.51 -4.33 -4.83 -5.00 -4.81 -4.28 -3.45 -2.38 -1.14 0.19 1.50 2.70 3.72 4.47 4.90 4.99 4.72 4.13 ;3.30 4.17 4.75 4.99 4.88 4.43 3.66 2.63 1.42 0.10 -1.22 -2.45 -3.51 -4.33 -4.83 -5.00 -4.81 -4.28 -3.45 -2.38 -1.14 0.19 1.50 2.70 3.72 4.47 4.90 4.99 4.72 4.13 ;3.30 4.17 4.75 4.99 4.88 4.43 3.66 2.63 1.42 0.10 -1.22 -2.45 -3.51 -4.33 -4.83 -5.00 -4.81 -4.28 -3.45 -2.38 -1.14 0.19 1.50 2.70 3.72 4.47 4.90 4.99 4.72 4.13 ;3.30 4.17 4.75 4.99 4.88 4.43 3.66 2.63 1.42 0.10 -1.22 -2.45 -3.51 -4.33 -4.83 -5.00 -4.81 -4.28 -3.45 -2.38 -1.14 0.19 1.50 2.70 3.72 4.47 4.90 4.99 4.72 4.13 ;3.30 4.17 4.75 4.99 4.88 4.43 3.66 2.63 1.42 0.10 -1.22 -2.45 -3.51 -4.33 -4.83 -5.00 -4.81 -4.28 -3.45 -2.38 -1.14 0.19 1.50 2.70 3.72 4.47 4.90 4.99 4.72 4.13 ;3.30 4.17 4.75 4.99 4.88 4.43 3.66 2.63 1.42 0.10 -1.22 -2.45 -3.51 -4.33 -4.83 -5.00 -4.81 -4.28 -3.45 -2.38 -1.14 0.19 1.50 2.70 3.72 4.47 4.90 4.99 4.72 4.13 ;3.30 4.17 4.75 4.99 4.88 4.43 3.66 2.63 1.42 0.10 -1.22 -2.45 -3.51 -4.33 -4.83 -5.00 -4.81 -4.28 -3.45 -2.38 -1.14 0.19 1.50 2.70 3.72 4.47 4.90 4.99 4.72 4.13 ;3.30 4.17 4.75 4.99 4.88 4.43 3.66 2.63 1.42 0.10 -1.22 -2.45 -3.51 -4.33 -4.83 -5.00 -4.81 -4.28 -3.45 -2.38 -1.14 0.19 1.50 2.70 3.72 4.47 4.90 4.99 4.72 4.13 ;3.30 4.17 4.75 4.99 4.88 4.43 3.66 2.63 1.42 0.10 -1.22 -2.45 -3.51 -4.33 -4.83 -5.00 -4.81 -4.28 -3.45 -2.38 -1.14 0.19 1.50 2.70 3.72 4.47 4.90 4.99 4.72 4.13 ;];
