u6 = [4.99 4.89 4.45 3.69 2.67 1.47 0.15 -1.17 -2.41 -3.48 -4.30 -4.82 -5.00 -4.83 -4.31 -3.49 -2.42 -1.18 0.14 1.45 2.66 3.68 4.44 4.89 4.99 4.74 4.15 3.27 2.16 0.90 ;4.99 4.89 4.45 3.69 2.67 1.47 0.15 -1.17 -2.41 -3.48 -4.30 -4.82 -5.00 -4.83 -4.31 -3.49 -2.42 -1.18 0.14 1.45 2.66 3.68 4.44 4.89 4.99 4.74 4.15 3.27 2.16 0.90 ;4.99 4.89 4.45 3.69 2.67 1.47 0.15 -1.17 -2.41 -3.48 -4.30 -4.82 -5.00 -4.83 -4.31 -3.49 -2.42 -1.18 0.14 1.45 2.66 3.68 4.44 4.89 4.99 4.74 4.15 3.27 2.16 0.90 ;4.99 4.89 4.45 3.69 2.67 1.47 0.15 -1.17 -2.41 -3.48 -4.30 -4.82 -5.00 -4.83 -4.31 -3.49 -2.42 -1.18 0.14 1.45 2.66 3.68 4.44 4.89 4.99 4.74 4.15 3.27 2.16 0.90 ;4.99 4.89 4.45 3.69 2.67 1.47 0.15 -1.17 -2.41 -3.48 -4.30 -4.82 -5.00 -4.83 -4.31 -3.49 -2.42 -1.18 0.14 1.45 2.66 3.68 4.44 4.89 4.99 4.74 4.15 3.27 2.16 0.90 ;4.99 4.89 4.45 3.69 2.67 1.47 0.15 -1.17 -2.41 -3.48 -4.30 -4.82 -5.00 -4.83 -4.31 -3.49 -2.42 -1.18 0.14 1.45 2.66 3.68 4.44 4.89 4.99 4.74 4.15 3.27 2.16 0.90 ;4.99 4.89 4.45 3.69 2.67 1.47 0.15 -1.17 -2.41 -3.48 -4.30 -4.82 -5.00 -4.83 -4.31 -3.49 -2.42 -1.18 0.14 1.45 2.66 3.68 4.44 4.89 4.99 4.74 4.15 3.27 2.16 0.90 ;4.99 4.89 4.45 3.69 2.67 1.47 0.15 -1.17 -2.41 -3.48 -4.30 -4.82 -5.00 -4.83 -4.31 -3.49 -2.42 -1.18 0.14 1.45 2.66 3.68 4.44 4.89 4.99 4.74 4.15 3.27 2.16 0.90 ;4.99 4.89 4.45 3.69 2.67 1.47 0.15 -1.17 -2.41 -3.48 -4.30 -4.82 -5.00 -4.83 -4.31 -3.49 -2.42 -1.18 0.14 1.45 2.66 3.68 4.44 4.89 4.99 4.74 4.15 3.27 2.16 0.90 ;4.99 4.89 4.45 3.69 2.67 1.47 0.15 -1.17 -2.41 -3.48 -4.30 -4.82 -5.00 -4.83 -4.31 -3.49 -2.42 -1.18 0.14 1.45 2.66 3.68 4.44 4.89 4.99 4.74 4.15 3.27 2.16 0.90 ;4.99 4.89 4.45 3.69 2.67 1.47 0.15 -1.17 -2.41 -3.48 -4.30 -4.82 -5.00 -4.83 -4.31 -3.49 -2.42 -1.18 0.14 1.45 2.66 3.68 4.44 4.89 4.99 4.74 4.15 3.27 2.16 0.90 ;4.99 4.89 4.45 3.69 2.67 1.47 0.15 -1.17 -2.41 -3.48 -4.30 -4.82 -5.00 -4.83 -4.31 -3.49 -2.42 -1.18 0.14 1.45 2.66 3.68 4.44 4.89 4.99 4.74 4.15 3.27 2.16 0.90 ;4.99 4.89 4.45 3.69 2.67 1.47 0.15 -1.17 -2.41 -3.48 -4.30 -4.82 -5.00 -4.83 -4.31 -3.49 -2.42 -1.18 0.14 1.45 2.66 3.68 4.44 4.89 4.99 4.74 4.15 3.27 2.16 0.90 ;4.99 4.89 4.45 3.69 2.67 1.47 0.15 -1.17 -2.41 -3.48 -4.30 -4.82 -5.00 -4.83 -4.31 -3.49 -2.42 -1.18 0.14 1.45 2.66 3.68 4.44 4.89 4.99 4.74 4.15 3.27 2.16 0.90 ;4.99 4.89 4.45 3.69 2.67 1.47 0.15 -1.17 -2.41 -3.48 -4.30 -4.82 -5.00 -4.83 -4.31 -3.49 -2.42 -1.18 0.14 1.45 2.66 3.68 4.44 4.89 4.99 4.74 4.15 3.27 2.16 0.90 ;4.99 4.89 4.45 3.69 2.67 1.47 0.15 -1.17 -2.41 -3.48 -4.30 -4.82 -5.00 -4.83 -4.31 -3.49 -2.42 -1.18 0.14 1.45 2.66 3.68 4.44 4.89 4.99 4.74 4.15 3.27 2.16 0.90 ;4.99 4.89 4.45 3.69 2.67 1.47 0.15 -1.17 -2.41 -3.48 -4.30 -4.82 -5.00 -4.83 -4.31 -3.49 -2.42 -1.18 0.14 1.45 2.66 3.68 4.44 4.89 4.99 4.74 4.15 3.27 2.16 0.90 ;4.99 4.89 4.45 3.69 2.67 1.47 0.15 -1.17 -2.41 -3.48 -4.30 -4.82 -5.00 -4.83 -4.31 -3.49 -2.42 -1.18 0.14 1.45 2.66 3.68 4.44 4.89 4.99 4.74 4.15 3.27 2.16 0.90 ;4.99 4.89 4.45 3.69 2.67 1.47 0.15 -1.17 -2.41 -3.48 -4.30 -4.82 -5.00 -4.83 -4.31 -3.49 -2.42 -1.18 0.14 1.45 2.66 3.68 4.44 4.89 4.99 4.74 4.15 3.27 2.16 0.90 ;4.99 4.89 4.45 3.69 2.67 1.47 0.15 -1.17 -2.41 -3.48 -4.30 -4.82 -5.00 -4.83 -4.31 -3.49 -2.42 -1.18 0.14 1.45 2.66 3.68 4.44 4.89 4.99 4.74 4.15 3.27 2.16 0.90 ;4.99 4.89 4.45 3.69 2.67 1.47 0.15 -1.17 -2.41 -3.48 -4.30 -4.82 -5.00 -4.83 -4.31 -3.49 -2.42 -1.18 0.14 1.45 2.66 3.68 4.44 4.89 4.99 4.74 4.15 3.27 2.16 0.90 ;4.99 4.89 4.45 3.69 2.67 1.47 0.15 -1.17 -2.41 -3.48 -4.30 -4.82 -5.00 -4.83 -4.31 -3.49 -2.42 -1.18 0.14 1.45 2.66 3.68 4.44 4.89 4.99 4.74 4.15 3.27 2.16 0.90 ;4.99 4.89 4.45 3.69 2.67 1.47 0.15 -1.17 -2.41 -3.48 -4.30 -4.82 -5.00 -4.83 -4.31 -3.49 -2.42 -1.18 0.14 1.45 2.66 3.68 4.44 4.89 4.99 4.74 4.15 3.27 2.16 0.90 ;4.99 4.89 4.45 3.69 2.67 1.47 0.15 -1.17 -2.41 -3.48 -4.30 -4.82 -5.00 -4.83 -4.31 -3.49 -2.42 -1.18 0.14 1.45 2.66 3.68 4.44 4.89 4.99 4.74 4.15 3.27 2.16 0.90 ;4.99 4.89 4.45 3.69 2.67 1.47 0.15 -1.17 -2.41 -3.48 -4.30 -4.82 -5.00 -4.83 -4.31 -3.49 -2.42 -1.18 0.14 1.45 2.66 3.68 4.44 4.89 4.99 4.74 4.15 3.27 2.16 0.90 ;4.99 4.89 4.45 3.69 2.67 1.47 0.15 -1.17 -2.41 -3.48 -4.30 -4.82 -5.00 -4.83 -4.31 -3.49 -2.42 -1.18 0.14 1.45 2.66 3.68 4.44 4.89 4.99 4.74 4.15 3.27 2.16 0.90 ;4.99 4.89 4.45 3.69 2.67 1.47 0.15 -1.17 -2.41 -3.48 -4.30 -4.82 -5.00 -4.83 -4.31 -3.49 -2.42 -1.18 0.14 1.45 2.66 3.68 4.44 4.89 4.99 4.74 4.15 3.27 2.16 0.90 ;4.99 4.89 4.45 3.69 2.67 1.47 0.15 -1.17 -2.41 -3.48 -4.30 -4.82 -5.00 -4.83 -4.31 -3.49 -2.42 -1.18 0.14 1.45 2.66 3.68 4.44 4.89 4.99 4.74 4.15 3.27 2.16 0.90 ;4.99 4.89 4.45 3.69 2.67 1.47 0.15 -1.17 -2.41 -3.48 -4.30 -4.82 -5.00 -4.83 -4.31 -3.49 -2.42 -1.18 0.14 1.45 2.66 3.68 4.44 4.89 4.99 4.74 4.15 3.27 2.16 0.90 ;4.99 4.89 4.45 3.69 2.67 1.47 0.15 -1.17 -2.41 -3.48 -4.30 -4.82 -5.00 -4.83 -4.31 -3.49 -2.42 -1.18 0.14 1.45 2.66 3.68 4.44 4.89 4.99 4.74 4.15 3.27 2.16 0.90 ;];
