u5 = [4.99 4.88 4.43 3.66 2.63 1.42 0.10 -1.22 -2.45 -3.51 -4.33 -4.83 -5.00 -4.81 -4.28 -3.45 -2.38 -1.14 0.19 1.50 2.70 3.72 4.47 4.90 4.99 4.72 4.13 3.24 2.12 0.85 ;4.99 4.73 4.19 3.32 2.23 0.97 -0.36 -1.66 -2.84 -3.82 -4.54 -4.92 -4.97 -4.66 -4.02 -3.10 -1.97 -0.68 0.65 1.92 3.08 4.00 4.65 4.96 4.93 4.55 3.84 2.87 1.69 0.85 ;4.99 4.73 4.19 3.32 2.23 0.97 -0.36 -1.66 -2.85 -3.83 -4.54 -4.92 -4.97 -4.66 -4.02 -3.10 -1.96 -0.68 0.65 1.93 3.08 4.01 4.65 4.96 4.94 4.55 3.84 2.86 1.69 0.85 ;4.99 4.73 4.19 3.32 2.23 0.97 -0.36 -1.66 -2.85 -3.83 -4.54 -4.92 -4.97 -4.66 -4.02 -3.10 -1.96 -0.68 0.65 1.93 3.08 4.01 4.65 4.96 4.94 4.55 3.84 2.86 1.69 0.85 ;4.99 4.73 4.19 3.32 2.23 0.97 -0.36 -1.66 -2.85 -3.83 -4.54 -4.92 -4.97 -4.66 -4.02 -3.10 -1.96 -0.68 0.65 1.93 3.08 4.01 4.65 4.96 4.94 4.55 3.84 2.86 1.69 0.85 ;4.99 4.73 4.19 3.32 2.23 0.97 -0.36 -1.66 -2.85 -3.83 -4.54 -4.92 -4.97 -4.66 -4.02 -3.10 -1.96 -0.68 0.65 1.93 3.08 4.01 4.65 4.96 4.94 4.55 3.84 2.86 1.69 0.85 ;4.99 4.73 4.19 3.32 2.23 0.97 -0.36 -1.66 -2.85 -3.83 -4.54 -4.92 -4.97 -4.66 -4.02 -3.10 -1.96 -0.68 0.65 1.93 3.08 4.01 4.65 4.96 4.94 4.55 3.84 2.86 1.69 0.85 ;4.99 4.73 4.19 3.32 2.23 0.97 -0.36 -1.66 -2.85 -3.83 -4.54 -4.92 -4.97 -4.66 -4.02 -3.10 -1.96 -0.68 0.65 1.93 3.08 4.01 4.65 4.96 4.94 4.55 3.84 2.86 1.69 0.85 ;4.99 4.73 4.19 3.32 2.23 0.97 -0.36 -1.66 -2.85 -3.83 -4.54 -4.92 -4.97 -4.66 -4.02 -3.10 -1.96 -0.68 0.65 1.93 3.08 4.01 4.65 4.96 4.94 4.55 3.84 2.86 1.69 0.85 ;4.99 4.73 4.19 3.32 2.23 0.97 -0.36 -1.66 -2.85 -3.83 -4.54 -4.92 -4.97 -4.66 -4.02 -3.10 -1.96 -0.68 0.65 1.93 3.08 4.01 4.65 4.96 4.94 4.55 3.84 2.86 1.69 0.85 ;4.99 4.73 4.19 3.32 2.23 0.97 -0.36 -1.66 -2.85 -3.83 -4.54 -4.92 -4.97 -4.66 -4.02 -3.10 -1.96 -0.68 0.65 1.93 3.08 4.01 4.65 4.96 4.94 4.55 3.84 2.86 1.69 0.85 ;4.99 4.73 4.19 3.32 2.23 0.97 -0.36 -1.66 -2.85 -3.83 -4.54 -4.92 -4.97 -4.66 -4.02 -3.10 -1.96 -0.68 0.65 1.93 3.08 4.01 4.65 4.96 4.94 4.55 3.84 2.86 1.69 0.85 ;4.99 4.73 4.19 3.32 2.23 0.97 -0.36 -1.66 -2.85 -3.83 -4.54 -4.92 -4.97 -4.66 -4.02 -3.10 -1.96 -0.68 0.65 1.93 3.08 4.01 4.65 4.96 4.94 4.55 3.84 2.86 1.69 0.85 ;4.99 4.73 4.19 3.32 2.23 0.97 -0.36 -1.66 -2.85 -3.83 -4.54 -4.92 -4.97 -4.66 -4.02 -3.10 -1.96 -0.68 0.65 1.93 3.08 4.01 4.65 4.96 4.94 4.55 3.84 2.86 1.69 0.85 ;4.99 4.73 4.19 3.32 2.23 0.97 -0.36 -1.66 -2.85 -3.83 -4.54 -4.92 -4.97 -4.66 -4.02 -3.10 -1.96 -0.68 0.65 1.93 3.08 4.01 4.65 4.96 4.94 4.55 3.84 2.86 1.69 0.85 ;4.99 4.73 4.19 3.32 2.23 0.97 -0.36 -1.66 -2.85 -3.83 -4.54 -4.92 -4.97 -4.66 -4.02 -3.10 -1.96 -0.68 0.65 1.93 3.08 4.01 4.65 4.96 4.94 4.55 3.84 2.86 1.69 0.85 ;4.99 4.73 4.19 3.32 2.23 0.97 -0.36 -1.66 -2.85 -3.83 -4.54 -4.92 -4.97 -4.66 -4.02 -3.10 -1.96 -0.68 0.65 1.93 3.08 4.01 4.65 4.96 4.94 4.55 3.84 2.86 1.69 0.85 ;4.99 4.73 4.19 3.32 2.23 0.97 -0.36 -1.66 -2.85 -3.83 -4.54 -4.92 -4.97 -4.66 -4.02 -3.10 -1.96 -0.68 0.65 1.93 3.08 4.01 4.65 4.96 4.94 4.55 3.84 2.86 1.69 0.85 ;4.99 4.73 4.19 3.32 2.23 0.97 -0.36 -1.66 -2.85 -3.83 -4.54 -4.92 -4.97 -4.66 -4.02 -3.10 -1.96 -0.68 0.65 1.93 3.08 4.01 4.65 4.96 4.94 4.55 3.84 2.86 1.69 0.85 ;4.99 4.73 4.19 3.32 2.23 0.97 -0.36 -1.66 -2.85 -3.83 -4.54 -4.92 -4.97 -4.66 -4.02 -3.10 -1.96 -0.68 0.65 1.93 3.08 4.01 4.65 4.96 4.94 4.55 3.84 2.86 1.69 0.85 ;4.99 4.73 4.19 3.32 2.23 0.97 -0.36 -1.66 -2.85 -3.83 -4.54 -4.92 -4.97 -4.66 -4.02 -3.10 -1.96 -0.68 0.65 1.93 3.08 4.01 4.65 4.96 4.94 4.55 3.84 2.86 1.69 0.85 ;4.99 4.73 4.19 3.32 2.23 0.97 -0.36 -1.66 -2.85 -3.83 -4.54 -4.92 -4.97 -4.66 -4.02 -3.10 -1.96 -0.68 0.65 1.93 3.08 4.01 4.65 4.96 4.94 4.55 3.84 2.86 1.69 0.85 ;4.99 4.73 4.19 3.32 2.23 0.97 -0.36 -1.66 -2.85 -3.83 -4.54 -4.92 -4.97 -4.66 -4.02 -3.10 -1.96 -0.68 0.65 1.93 3.08 4.01 4.65 4.96 4.94 4.55 3.84 2.86 1.69 0.85 ;4.99 4.73 4.19 3.32 2.23 0.97 -0.36 -1.66 -2.85 -3.83 -4.54 -4.92 -4.97 -4.66 -4.02 -3.10 -1.96 -0.68 0.65 1.93 3.08 4.01 4.65 4.96 4.94 4.55 3.84 2.86 1.69 0.85 ;4.99 4.73 4.19 3.32 2.23 0.97 -0.36 -1.66 -2.85 -3.83 -4.54 -4.92 -4.97 -4.66 -4.02 -3.10 -1.96 -0.68 0.65 1.93 3.08 4.01 4.65 4.96 4.94 4.55 3.84 2.86 1.69 0.85 ;4.99 4.73 4.19 3.32 2.23 0.97 -0.36 -1.66 -2.85 -3.83 -4.54 -4.92 -4.97 -4.66 -4.02 -3.10 -1.96 -0.68 0.65 1.93 3.08 4.01 4.65 4.96 4.94 4.55 3.84 2.86 1.69 0.85 ;4.99 4.73 4.19 3.32 2.23 0.97 -0.36 -1.66 -2.85 -3.83 -4.54 -4.92 -4.97 -4.66 -4.02 -3.10 -1.96 -0.68 0.65 1.93 3.08 4.01 4.65 4.96 4.94 4.55 3.84 2.86 1.69 0.85 ;4.99 4.73 4.19 3.32 2.23 0.97 -0.36 -1.66 -2.85 -3.83 -4.54 -4.92 -4.97 -4.66 -4.02 -3.10 -1.96 -0.68 0.65 1.93 3.08 4.01 4.65 4.96 4.94 4.55 3.84 2.86 1.69 0.85 ;4.99 4.73 4.19 3.32 2.23 0.97 -0.36 -1.66 -2.84 -3.82 -4.54 -4.92 -4.97 -4.66 -4.02 -3.10 -1.97 -0.68 0.65 1.92 3.08 4.00 4.65 4.96 4.93 4.55 3.84 2.87 1.69 0.85 ;4.99 4.88 4.43 3.66 2.63 1.42 0.10 -1.22 -2.45 -3.51 -4.33 -4.83 -5.00 -4.81 -4.28 -3.45 -2.38 -1.14 0.19 1.50 2.70 3.72 4.47 4.90 4.99 4.72 4.13 3.24 2.12 0.85 ;];
