u59 = [4.15 4.74 4.99 4.89 4.44 3.68 2.66 1.45 0.14 -1.18 -2.42 -3.49 -4.31 -4.83 -5.00 -4.82 -4.30 -3.48 -2.41 -1.17 0.15 1.47 2.67 3.69 4.45 4.89 4.99 4.74 4.14 3.26 ;4.15 4.74 4.99 4.89 4.44 3.68 2.66 1.45 0.14 -1.18 -2.42 -3.49 -4.31 -4.83 -5.00 -4.82 -4.30 -3.48 -2.41 -1.17 0.15 1.47 2.67 3.69 4.45 4.89 4.99 4.74 4.14 3.26 ;4.15 4.74 4.99 4.89 4.44 3.68 2.66 1.45 0.14 -1.18 -2.42 -3.49 -4.31 -4.83 -5.00 -4.82 -4.30 -3.48 -2.41 -1.17 0.15 1.47 2.67 3.69 4.45 4.89 4.99 4.74 4.14 3.26 ;4.15 4.74 4.99 4.89 4.44 3.68 2.66 1.45 0.14 -1.18 -2.42 -3.49 -4.31 -4.83 -5.00 -4.82 -4.30 -3.48 -2.41 -1.17 0.15 1.47 2.67 3.69 4.45 4.89 4.99 4.74 4.14 3.26 ;4.15 4.74 4.99 4.89 4.44 3.68 2.66 1.45 0.14 -1.18 -2.42 -3.49 -4.31 -4.83 -5.00 -4.82 -4.30 -3.48 -2.41 -1.17 0.15 1.47 2.67 3.69 4.45 4.89 4.99 4.74 4.14 3.26 ;4.15 4.74 4.99 4.89 4.44 3.68 2.66 1.45 0.14 -1.18 -2.42 -3.49 -4.31 -4.83 -5.00 -4.82 -4.30 -3.48 -2.41 -1.17 0.15 1.47 2.67 3.69 4.45 4.89 4.99 4.74 4.14 3.26 ;4.15 4.74 4.99 4.89 4.44 3.68 2.66 1.45 0.14 -1.18 -2.42 -3.49 -4.31 -4.83 -5.00 -4.82 -4.30 -3.48 -2.41 -1.17 0.15 1.47 2.67 3.69 4.45 4.89 4.99 4.74 4.14 3.26 ;4.15 4.74 4.99 4.89 4.44 3.68 2.66 1.45 0.14 -1.18 -2.42 -3.49 -4.31 -4.83 -5.00 -4.82 -4.30 -3.48 -2.41 -1.17 0.15 1.47 2.67 3.69 4.45 4.89 4.99 4.74 4.14 3.26 ;4.15 4.74 4.99 4.89 4.44 3.68 2.66 1.45 0.14 -1.18 -2.42 -3.49 -4.31 -4.83 -5.00 -4.82 -4.30 -3.48 -2.41 -1.17 0.15 1.47 2.67 3.69 4.45 4.89 4.99 4.74 4.14 3.26 ;4.15 4.74 4.99 4.89 4.44 3.68 2.66 1.45 0.14 -1.18 -2.42 -3.49 -4.31 -4.83 -5.00 -4.82 -4.30 -3.48 -2.41 -1.17 0.15 1.47 2.67 3.69 4.45 4.89 4.99 4.74 4.14 3.26 ;4.15 4.74 4.99 4.89 4.44 3.68 2.66 1.45 0.14 -1.18 -2.42 -3.49 -4.31 -4.83 -5.00 -4.82 -4.30 -3.48 -2.41 -1.17 0.15 1.47 2.67 3.69 4.45 4.89 4.99 4.74 4.14 3.26 ;4.15 4.74 4.99 4.89 4.44 3.68 2.66 1.45 0.14 -1.18 -2.42 -3.49 -4.31 -4.83 -5.00 -4.82 -4.30 -3.48 -2.41 -1.17 0.15 1.47 2.67 3.69 4.45 4.89 4.99 4.74 4.14 3.26 ;4.15 4.74 4.99 4.89 4.44 3.68 2.66 1.45 0.14 -1.18 -2.42 -3.49 -4.31 -4.83 -5.00 -4.82 -4.30 -3.48 -2.41 -1.17 0.15 1.47 2.67 3.69 4.45 4.89 4.99 4.74 4.14 3.26 ;4.15 4.74 4.99 4.89 4.44 3.68 2.66 1.45 0.14 -1.18 -2.42 -3.49 -4.31 -4.83 -5.00 -4.82 -4.30 -3.48 -2.41 -1.17 0.15 1.47 2.67 3.69 4.45 4.89 4.99 4.74 4.14 3.26 ;4.15 4.74 4.99 4.89 4.44 3.68 2.66 1.45 0.14 -1.18 -2.42 -3.49 -4.31 -4.83 -5.00 -4.82 -4.30 -3.48 -2.41 -1.17 0.15 1.47 2.67 3.69 4.45 4.89 4.99 4.74 4.14 3.26 ;4.15 4.74 4.99 4.89 4.44 3.68 2.66 1.45 0.14 -1.18 -2.42 -3.49 -4.31 -4.83 -5.00 -4.82 -4.30 -3.48 -2.41 -1.17 0.15 1.47 2.67 3.69 4.45 4.89 4.99 4.74 4.14 3.26 ;4.15 4.74 4.99 4.89 4.44 3.68 2.66 1.45 0.14 -1.18 -2.42 -3.49 -4.31 -4.83 -5.00 -4.82 -4.30 -3.48 -2.41 -1.17 0.15 1.47 2.67 3.69 4.45 4.89 4.99 4.74 4.14 3.26 ;4.15 4.74 4.99 4.89 4.44 3.68 2.66 1.45 0.14 -1.18 -2.42 -3.49 -4.31 -4.83 -5.00 -4.82 -4.30 -3.48 -2.41 -1.17 0.15 1.47 2.67 3.69 4.45 4.89 4.99 4.74 4.14 3.26 ;4.15 4.74 4.99 4.89 4.44 3.68 2.66 1.45 0.14 -1.18 -2.42 -3.49 -4.31 -4.83 -5.00 -4.82 -4.30 -3.48 -2.41 -1.17 0.15 1.47 2.67 3.69 4.45 4.89 4.99 4.74 4.14 3.26 ;4.15 4.74 4.99 4.89 4.44 3.68 2.66 1.45 0.14 -1.18 -2.42 -3.49 -4.31 -4.83 -5.00 -4.82 -4.30 -3.48 -2.41 -1.17 0.15 1.47 2.67 3.69 4.45 4.89 4.99 4.74 4.14 3.26 ;4.15 4.74 4.99 4.89 4.44 3.68 2.66 1.45 0.14 -1.18 -2.42 -3.49 -4.31 -4.83 -5.00 -4.82 -4.30 -3.48 -2.41 -1.17 0.15 1.47 2.67 3.69 4.45 4.89 4.99 4.74 4.14 3.26 ;4.15 4.74 4.99 4.89 4.44 3.68 2.66 1.45 0.14 -1.18 -2.42 -3.49 -4.31 -4.83 -5.00 -4.82 -4.30 -3.48 -2.41 -1.17 0.15 1.47 2.67 3.69 4.45 4.89 4.99 4.74 4.14 3.26 ;4.15 4.74 4.99 4.89 4.44 3.68 2.66 1.45 0.14 -1.18 -2.42 -3.49 -4.31 -4.83 -5.00 -4.82 -4.30 -3.48 -2.41 -1.17 0.15 1.47 2.67 3.69 4.45 4.89 4.99 4.74 4.14 3.26 ;4.15 4.74 4.99 4.89 4.44 3.68 2.66 1.45 0.14 -1.18 -2.42 -3.49 -4.31 -4.83 -5.00 -4.82 -4.30 -3.48 -2.41 -1.17 0.15 1.47 2.67 3.69 4.45 4.89 4.99 4.74 4.14 3.26 ;4.15 4.74 4.99 4.89 4.44 3.68 2.66 1.45 0.14 -1.18 -2.42 -3.49 -4.31 -4.83 -5.00 -4.82 -4.30 -3.48 -2.41 -1.17 0.15 1.47 2.67 3.69 4.45 4.89 4.99 4.74 4.14 3.26 ;4.15 4.74 4.99 4.89 4.44 3.68 2.66 1.45 0.14 -1.18 -2.42 -3.49 -4.31 -4.83 -5.00 -4.82 -4.30 -3.48 -2.41 -1.17 0.15 1.47 2.67 3.69 4.45 4.89 4.99 4.74 4.14 3.26 ;4.15 4.74 4.99 4.89 4.44 3.68 2.66 1.45 0.14 -1.18 -2.42 -3.49 -4.31 -4.83 -5.00 -4.82 -4.30 -3.48 -2.41 -1.17 0.15 1.47 2.67 3.69 4.45 4.89 4.99 4.74 4.14 3.26 ;4.15 4.74 4.99 4.89 4.44 3.68 2.66 1.45 0.14 -1.18 -2.42 -3.49 -4.31 -4.83 -5.00 -4.82 -4.30 -3.48 -2.41 -1.17 0.15 1.47 2.67 3.69 4.45 4.89 4.99 4.74 4.14 3.26 ;4.15 4.74 4.99 4.89 4.44 3.68 2.66 1.45 0.14 -1.18 -2.42 -3.49 -4.31 -4.83 -5.00 -4.82 -4.30 -3.48 -2.41 -1.17 0.15 1.47 2.67 3.69 4.45 4.89 4.99 4.74 4.14 3.26 ;4.15 4.74 4.99 4.89 4.44 3.68 2.66 1.45 0.14 -1.18 -2.42 -3.49 -4.31 -4.83 -5.00 -4.82 -4.30 -3.48 -2.41 -1.17 0.15 1.47 2.67 3.69 4.45 4.89 4.99 4.74 4.14 3.26 ;];
