u67 = [3.92 4.60 4.95 4.96 4.61 3.94 2.99 1.83 0.54 -0.79 -2.07 -3.19 -4.09 -4.71 -4.98 -4.91 -4.49 -3.75 -2.75 -1.55 -0.25 1.08 2.33 3.41 4.25 4.80 5.00 4.85 4.36 3.55 ;3.92 4.60 4.95 4.96 4.61 3.94 2.99 1.83 0.54 -0.79 -2.07 -3.19 -4.09 -4.71 -4.98 -4.91 -4.49 -3.75 -2.75 -1.55 -0.25 1.08 2.33 3.41 4.25 4.80 5.00 4.85 4.36 3.55 ;3.92 4.60 4.95 4.96 4.61 3.94 2.99 1.83 0.54 -0.79 -2.07 -3.19 -4.09 -4.71 -4.98 -4.91 -4.49 -3.75 -2.75 -1.55 -0.25 1.08 2.33 3.41 4.25 4.80 5.00 4.85 4.36 3.55 ;3.92 4.60 4.95 4.96 4.61 3.94 2.99 1.83 0.54 -0.79 -2.07 -3.19 -4.09 -4.71 -4.98 -4.91 -4.49 -3.75 -2.75 -1.55 -0.25 1.08 2.33 3.41 4.25 4.80 5.00 4.85 4.36 3.55 ;3.92 4.60 4.95 4.96 4.61 3.94 2.99 1.83 0.54 -0.79 -2.07 -3.19 -4.09 -4.71 -4.98 -4.91 -4.49 -3.75 -2.75 -1.55 -0.25 1.08 2.33 3.41 4.25 4.80 5.00 4.85 4.36 3.55 ;3.92 4.60 4.95 4.96 4.61 3.94 2.99 1.83 0.54 -0.79 -2.07 -3.19 -4.09 -4.71 -4.98 -4.91 -4.49 -3.75 -2.75 -1.55 -0.25 1.08 2.33 3.41 4.25 4.80 5.00 4.85 4.36 3.55 ;3.92 4.60 4.95 4.96 4.61 3.94 2.99 1.83 0.54 -0.79 -2.07 -3.19 -4.09 -4.71 -4.98 -4.91 -4.49 -3.75 -2.75 -1.55 -0.25 1.08 2.33 3.41 4.25 4.80 5.00 4.85 4.36 3.55 ;3.92 4.60 4.95 4.96 4.61 3.94 2.99 1.83 0.54 -0.79 -2.07 -3.19 -4.09 -4.71 -4.98 -4.91 -4.49 -3.75 -2.75 -1.55 -0.25 1.08 2.33 3.41 4.25 4.80 5.00 4.85 4.36 3.55 ;3.92 4.60 4.95 4.96 4.61 3.94 2.99 1.83 0.54 -0.79 -2.07 -3.19 -4.09 -4.71 -4.98 -4.91 -4.49 -3.75 -2.75 -1.55 -0.25 1.08 2.33 3.41 4.25 4.80 5.00 4.85 4.36 3.55 ;3.92 4.60 4.95 4.96 4.61 3.94 2.99 1.83 0.54 -0.79 -2.07 -3.19 -4.09 -4.71 -4.98 -4.91 -4.49 -3.75 -2.75 -1.55 -0.25 1.08 2.33 3.41 4.25 4.80 5.00 4.85 4.36 3.55 ;3.92 4.60 4.95 4.96 4.61 3.94 2.99 1.83 0.54 -0.79 -2.07 -3.19 -4.09 -4.71 -4.98 -4.91 -4.49 -3.75 -2.75 -1.55 -0.25 1.08 2.33 3.41 4.25 4.80 5.00 4.85 4.36 3.55 ;3.92 4.60 4.95 4.96 4.61 3.94 2.99 1.83 0.54 -0.79 -2.07 -3.19 -4.09 -4.71 -4.98 -4.91 -4.49 -3.75 -2.75 -1.55 -0.25 1.08 2.33 3.41 4.25 4.80 5.00 4.85 4.36 3.55 ;3.92 4.60 4.95 4.96 4.61 3.94 2.99 1.83 0.54 -0.79 -2.07 -3.19 -4.09 -4.71 -4.98 -4.91 -4.49 -3.75 -2.75 -1.55 -0.25 1.08 2.33 3.41 4.25 4.80 5.00 4.85 4.36 3.55 ;3.92 4.60 4.95 4.96 4.61 3.94 2.99 1.83 0.54 -0.79 -2.07 -3.19 -4.09 -4.71 -4.98 -4.91 -4.49 -3.75 -2.75 -1.55 -0.25 1.08 2.33 3.41 4.25 4.80 5.00 4.85 4.36 3.55 ;3.92 4.60 4.95 4.96 4.61 3.94 2.99 1.83 0.54 -0.79 -2.07 -3.19 -4.09 -4.71 -4.98 -4.91 -4.49 -3.75 -2.75 -1.55 -0.25 1.08 2.33 3.41 4.25 4.80 5.00 4.85 4.36 3.55 ;3.92 4.60 4.95 4.96 4.61 3.94 2.99 1.83 0.54 -0.79 -2.07 -3.19 -4.09 -4.71 -4.98 -4.91 -4.49 -3.75 -2.75 -1.55 -0.25 1.08 2.33 3.41 4.25 4.80 5.00 4.85 4.36 3.55 ;3.92 4.60 4.95 4.96 4.61 3.94 2.99 1.83 0.54 -0.79 -2.07 -3.19 -4.09 -4.71 -4.98 -4.91 -4.49 -3.75 -2.75 -1.55 -0.25 1.08 2.33 3.41 4.25 4.80 5.00 4.85 4.36 3.55 ;3.92 4.60 4.95 4.96 4.61 3.94 2.99 1.83 0.54 -0.79 -2.07 -3.19 -4.09 -4.71 -4.98 -4.91 -4.49 -3.75 -2.75 -1.55 -0.25 1.08 2.33 3.41 4.25 4.80 5.00 4.85 4.36 3.55 ;3.92 4.60 4.95 4.96 4.61 3.94 2.99 1.83 0.54 -0.79 -2.07 -3.19 -4.09 -4.71 -4.98 -4.91 -4.49 -3.75 -2.75 -1.55 -0.25 1.08 2.33 3.41 4.25 4.80 5.00 4.85 4.36 3.55 ;3.92 4.60 4.95 4.96 4.61 3.94 2.99 1.83 0.54 -0.79 -2.07 -3.19 -4.09 -4.71 -4.98 -4.91 -4.49 -3.75 -2.75 -1.55 -0.25 1.08 2.33 3.41 4.25 4.80 5.00 4.85 4.36 3.55 ;3.92 4.60 4.95 4.96 4.61 3.94 2.99 1.83 0.54 -0.79 -2.07 -3.19 -4.09 -4.71 -4.98 -4.91 -4.49 -3.75 -2.75 -1.55 -0.25 1.08 2.33 3.41 4.25 4.80 5.00 4.85 4.36 3.55 ;3.92 4.60 4.95 4.96 4.61 3.94 2.99 1.83 0.54 -0.79 -2.07 -3.19 -4.09 -4.71 -4.98 -4.91 -4.49 -3.75 -2.75 -1.55 -0.25 1.08 2.33 3.41 4.25 4.80 5.00 4.85 4.36 3.55 ;3.92 4.60 4.95 4.96 4.61 3.94 2.99 1.83 0.54 -0.79 -2.07 -3.19 -4.09 -4.71 -4.98 -4.91 -4.49 -3.75 -2.75 -1.55 -0.25 1.08 2.33 3.41 4.25 4.80 5.00 4.85 4.36 3.55 ;3.92 4.60 4.95 4.96 4.61 3.94 2.99 1.83 0.54 -0.79 -2.07 -3.19 -4.09 -4.71 -4.98 -4.91 -4.49 -3.75 -2.75 -1.55 -0.25 1.08 2.33 3.41 4.25 4.80 5.00 4.85 4.36 3.55 ;3.92 4.60 4.95 4.96 4.61 3.94 2.99 1.83 0.54 -0.79 -2.07 -3.19 -4.09 -4.71 -4.98 -4.91 -4.49 -3.75 -2.75 -1.55 -0.25 1.08 2.33 3.41 4.25 4.80 5.00 4.85 4.36 3.55 ;3.92 4.60 4.95 4.96 4.61 3.94 2.99 1.83 0.54 -0.79 -2.07 -3.19 -4.09 -4.71 -4.98 -4.91 -4.49 -3.75 -2.75 -1.55 -0.25 1.08 2.33 3.41 4.25 4.80 5.00 4.85 4.36 3.55 ;3.92 4.60 4.95 4.96 4.61 3.94 2.99 1.83 0.54 -0.79 -2.07 -3.19 -4.09 -4.71 -4.98 -4.91 -4.49 -3.75 -2.75 -1.55 -0.25 1.08 2.33 3.41 4.25 4.80 5.00 4.85 4.36 3.55 ;3.92 4.60 4.95 4.96 4.61 3.94 2.99 1.83 0.54 -0.79 -2.07 -3.19 -4.09 -4.71 -4.98 -4.91 -4.49 -3.75 -2.75 -1.55 -0.25 1.08 2.33 3.41 4.25 4.80 5.00 4.85 4.36 3.55 ;3.92 4.60 4.95 4.96 4.61 3.94 2.99 1.83 0.54 -0.79 -2.07 -3.19 -4.09 -4.71 -4.98 -4.91 -4.49 -3.75 -2.75 -1.55 -0.25 1.08 2.33 3.41 4.25 4.80 5.00 4.85 4.36 3.55 ;3.92 4.60 4.95 4.96 4.61 3.94 2.99 1.83 0.54 -0.79 -2.07 -3.19 -4.09 -4.71 -4.98 -4.91 -4.49 -3.75 -2.75 -1.55 -0.25 1.08 2.33 3.41 4.25 4.80 5.00 4.85 4.36 3.55 ;];
