u60 = [4.13 4.72 4.99 4.90 4.47 3.71 2.70 1.50 0.19 -1.14 -2.38 -3.45 -4.28 -4.81 -5.00 -4.83 -4.33 -3.51 -2.45 -1.22 0.10 1.42 2.63 3.66 4.43 4.88 4.99 4.75 4.17 3.30 ;4.13 4.72 4.99 4.90 4.47 3.71 2.70 1.50 0.19 -1.14 -2.38 -3.45 -4.28 -4.81 -5.00 -4.83 -4.33 -3.51 -2.45 -1.22 0.10 1.42 2.63 3.66 4.43 4.88 4.99 4.75 4.17 3.30 ;4.13 4.72 4.99 4.90 4.47 3.71 2.70 1.50 0.19 -1.14 -2.38 -3.45 -4.28 -4.81 -5.00 -4.83 -4.33 -3.51 -2.45 -1.22 0.10 1.42 2.63 3.66 4.43 4.88 4.99 4.75 4.17 3.30 ;4.13 4.72 4.99 4.90 4.47 3.71 2.70 1.50 0.19 -1.14 -2.38 -3.45 -4.28 -4.81 -5.00 -4.83 -4.33 -3.51 -2.45 -1.22 0.10 1.42 2.63 3.66 4.43 4.88 4.99 4.75 4.17 3.30 ;4.13 4.72 4.99 4.90 4.47 3.71 2.70 1.50 0.19 -1.14 -2.38 -3.45 -4.28 -4.81 -5.00 -4.83 -4.33 -3.51 -2.45 -1.22 0.10 1.42 2.63 3.66 4.43 4.88 4.99 4.75 4.17 3.30 ;4.13 4.72 4.99 4.90 4.47 3.71 2.70 1.50 0.19 -1.14 -2.38 -3.45 -4.28 -4.81 -5.00 -4.83 -4.33 -3.51 -2.45 -1.22 0.10 1.42 2.63 3.66 4.43 4.88 4.99 4.75 4.17 3.30 ;4.13 4.72 4.99 4.90 4.47 3.71 2.70 1.50 0.19 -1.14 -2.38 -3.45 -4.28 -4.81 -5.00 -4.83 -4.33 -3.51 -2.45 -1.22 0.10 1.42 2.63 3.66 4.43 4.88 4.99 4.75 4.17 3.30 ;4.13 4.72 4.99 4.90 4.47 3.71 2.70 1.50 0.19 -1.14 -2.38 -3.45 -4.28 -4.81 -5.00 -4.83 -4.33 -3.51 -2.45 -1.22 0.10 1.42 2.63 3.66 4.43 4.88 4.99 4.75 4.17 3.30 ;4.13 4.72 4.99 4.90 4.47 3.71 2.70 1.50 0.19 -1.14 -2.38 -3.45 -4.28 -4.81 -5.00 -4.83 -4.33 -3.51 -2.45 -1.22 0.10 1.42 2.63 3.66 4.43 4.88 4.99 4.75 4.17 3.30 ;4.13 4.72 4.99 4.90 4.47 3.71 2.70 1.50 0.19 -1.14 -2.38 -3.45 -4.28 -4.81 -5.00 -4.83 -4.33 -3.51 -2.45 -1.22 0.10 1.42 2.63 3.66 4.43 4.88 4.99 4.75 4.17 3.30 ;4.13 4.72 4.99 4.90 4.47 3.71 2.70 1.50 0.19 -1.14 -2.38 -3.45 -4.28 -4.81 -5.00 -4.83 -4.33 -3.51 -2.45 -1.22 0.10 1.42 2.63 3.66 4.43 4.88 4.99 4.75 4.17 3.30 ;4.13 4.72 4.99 4.90 4.47 3.71 2.70 1.50 0.19 -1.14 -2.38 -3.45 -4.28 -4.81 -5.00 -4.83 -4.33 -3.51 -2.45 -1.22 0.10 1.42 2.63 3.66 4.43 4.88 4.99 4.75 4.17 3.30 ;4.13 4.72 4.99 4.90 4.47 3.71 2.70 1.50 0.19 -1.14 -2.38 -3.45 -4.28 -4.81 -5.00 -4.83 -4.33 -3.51 -2.45 -1.22 0.10 1.42 2.63 3.66 4.43 4.88 4.99 4.75 4.17 3.30 ;4.13 4.72 4.99 4.90 4.47 3.71 2.70 1.50 0.19 -1.14 -2.38 -3.45 -4.28 -4.81 -5.00 -4.83 -4.33 -3.51 -2.45 -1.22 0.10 1.42 2.63 3.66 4.43 4.88 4.99 4.75 4.17 3.30 ;4.13 4.72 4.99 4.90 4.47 3.71 2.70 1.50 0.19 -1.14 -2.38 -3.45 -4.28 -4.81 -5.00 -4.83 -4.33 -3.51 -2.45 -1.22 0.10 1.42 2.63 3.66 4.43 4.88 4.99 4.75 4.17 3.30 ;4.13 4.72 4.99 4.90 4.47 3.71 2.70 1.50 0.19 -1.14 -2.38 -3.45 -4.28 -4.81 -5.00 -4.83 -4.33 -3.51 -2.45 -1.22 0.10 1.42 2.63 3.66 4.43 4.88 4.99 4.75 4.17 3.30 ;4.13 4.72 4.99 4.90 4.47 3.71 2.70 1.50 0.19 -1.14 -2.38 -3.45 -4.28 -4.81 -5.00 -4.83 -4.33 -3.51 -2.45 -1.22 0.10 1.42 2.63 3.66 4.43 4.88 4.99 4.75 4.17 3.30 ;4.13 4.72 4.99 4.90 4.47 3.71 2.70 1.50 0.19 -1.14 -2.38 -3.45 -4.28 -4.81 -5.00 -4.83 -4.33 -3.51 -2.45 -1.22 0.10 1.42 2.63 3.66 4.43 4.88 4.99 4.75 4.17 3.30 ;4.13 4.72 4.99 4.90 4.47 3.71 2.70 1.50 0.19 -1.14 -2.38 -3.45 -4.28 -4.81 -5.00 -4.83 -4.33 -3.51 -2.45 -1.22 0.10 1.42 2.63 3.66 4.43 4.88 4.99 4.75 4.17 3.30 ;4.13 4.72 4.99 4.90 4.47 3.71 2.70 1.50 0.19 -1.14 -2.38 -3.45 -4.28 -4.81 -5.00 -4.83 -4.33 -3.51 -2.45 -1.22 0.10 1.42 2.63 3.66 4.43 4.88 4.99 4.75 4.17 3.30 ;4.13 4.72 4.99 4.90 4.47 3.71 2.70 1.50 0.19 -1.14 -2.38 -3.45 -4.28 -4.81 -5.00 -4.83 -4.33 -3.51 -2.45 -1.22 0.10 1.42 2.63 3.66 4.43 4.88 4.99 4.75 4.17 3.30 ;4.13 4.72 4.99 4.90 4.47 3.71 2.70 1.50 0.19 -1.14 -2.38 -3.45 -4.28 -4.81 -5.00 -4.83 -4.33 -3.51 -2.45 -1.22 0.10 1.42 2.63 3.66 4.43 4.88 4.99 4.75 4.17 3.30 ;4.13 4.72 4.99 4.90 4.47 3.71 2.70 1.50 0.19 -1.14 -2.38 -3.45 -4.28 -4.81 -5.00 -4.83 -4.33 -3.51 -2.45 -1.22 0.10 1.42 2.63 3.66 4.43 4.88 4.99 4.75 4.17 3.30 ;4.13 4.72 4.99 4.90 4.47 3.71 2.70 1.50 0.19 -1.14 -2.38 -3.45 -4.28 -4.81 -5.00 -4.83 -4.33 -3.51 -2.45 -1.22 0.10 1.42 2.63 3.66 4.43 4.88 4.99 4.75 4.17 3.30 ;4.13 4.72 4.99 4.90 4.47 3.71 2.70 1.50 0.19 -1.14 -2.38 -3.45 -4.28 -4.81 -5.00 -4.83 -4.33 -3.51 -2.45 -1.22 0.10 1.42 2.63 3.66 4.43 4.88 4.99 4.75 4.17 3.30 ;4.13 4.72 4.99 4.90 4.47 3.71 2.70 1.50 0.19 -1.14 -2.38 -3.45 -4.28 -4.81 -5.00 -4.83 -4.33 -3.51 -2.45 -1.22 0.10 1.42 2.63 3.66 4.43 4.88 4.99 4.75 4.17 3.30 ;4.13 4.72 4.99 4.90 4.47 3.71 2.70 1.50 0.19 -1.14 -2.38 -3.45 -4.28 -4.81 -5.00 -4.83 -4.33 -3.51 -2.45 -1.22 0.10 1.42 2.63 3.66 4.43 4.88 4.99 4.75 4.17 3.30 ;4.13 4.72 4.99 4.90 4.47 3.71 2.70 1.50 0.19 -1.14 -2.38 -3.45 -4.28 -4.81 -5.00 -4.83 -4.33 -3.51 -2.45 -1.22 0.10 1.42 2.63 3.66 4.43 4.88 4.99 4.75 4.17 3.30 ;4.13 4.72 4.99 4.90 4.47 3.71 2.70 1.50 0.19 -1.14 -2.38 -3.45 -4.28 -4.81 -5.00 -4.83 -4.33 -3.51 -2.45 -1.22 0.10 1.42 2.63 3.66 4.43 4.88 4.99 4.75 4.17 3.30 ;4.13 4.72 4.99 4.90 4.47 3.71 2.70 1.50 0.19 -1.14 -2.38 -3.45 -4.28 -4.81 -5.00 -4.83 -4.33 -3.51 -2.45 -1.22 0.10 1.42 2.63 3.66 4.43 4.88 4.99 4.75 4.17 3.30 ;];
