u30 = [4.78 5.00 4.86 4.39 3.60 2.56 1.34 0.02 -1.30 -2.52 -3.57 -4.37 -4.85 -5.00 -4.79 -4.24 -3.39 -2.30 -1.05 0.27 1.58 2.77 3.77 4.50 4.92 4.98 4.70 4.08 3.17 2.04 ;4.78 5.00 4.86 4.39 3.60 2.56 1.34 0.02 -1.30 -2.52 -3.57 -4.37 -4.85 -5.00 -4.79 -4.24 -3.39 -2.30 -1.05 0.27 1.58 2.77 3.77 4.50 4.92 4.98 4.70 4.08 3.17 2.04 ;4.78 5.00 4.86 4.39 3.60 2.56 1.34 0.02 -1.30 -2.52 -3.57 -4.37 -4.85 -5.00 -4.79 -4.24 -3.39 -2.30 -1.05 0.27 1.58 2.77 3.77 4.50 4.92 4.98 4.70 4.08 3.17 2.04 ;4.78 5.00 4.86 4.39 3.60 2.56 1.34 0.02 -1.30 -2.52 -3.57 -4.37 -4.85 -5.00 -4.79 -4.24 -3.39 -2.30 -1.05 0.27 1.58 2.77 3.77 4.50 4.92 4.98 4.70 4.08 3.17 2.04 ;4.78 5.00 4.86 4.39 3.60 2.56 1.34 0.02 -1.30 -2.52 -3.57 -4.37 -4.85 -5.00 -4.79 -4.24 -3.39 -2.30 -1.05 0.27 1.58 2.77 3.77 4.50 4.92 4.98 4.70 4.08 3.17 2.04 ;4.78 5.00 4.86 4.39 3.60 2.56 1.34 0.02 -1.30 -2.52 -3.57 -4.37 -4.85 -5.00 -4.79 -4.24 -3.39 -2.30 -1.05 0.27 1.58 2.77 3.77 4.50 4.92 4.98 4.70 4.08 3.17 2.04 ;4.78 5.00 4.86 4.39 3.60 2.56 1.34 0.02 -1.30 -2.52 -3.57 -4.37 -4.85 -5.00 -4.79 -4.24 -3.39 -2.30 -1.05 0.27 1.58 2.77 3.77 4.50 4.92 4.98 4.70 4.08 3.17 2.04 ;4.78 5.00 4.86 4.39 3.60 2.56 1.34 0.02 -1.30 -2.52 -3.57 -4.37 -4.85 -5.00 -4.79 -4.24 -3.39 -2.30 -1.05 0.27 1.58 2.77 3.77 4.50 4.92 4.98 4.70 4.08 3.17 2.04 ;4.78 5.00 4.86 4.39 3.60 2.56 1.34 0.02 -1.30 -2.52 -3.57 -4.37 -4.85 -5.00 -4.79 -4.24 -3.39 -2.30 -1.05 0.27 1.58 2.77 3.77 4.50 4.92 4.98 4.70 4.08 3.17 2.04 ;4.78 5.00 4.86 4.39 3.60 2.56 1.34 0.02 -1.30 -2.52 -3.57 -4.37 -4.85 -5.00 -4.79 -4.24 -3.39 -2.30 -1.05 0.27 1.58 2.77 3.77 4.50 4.92 4.98 4.70 4.08 3.17 2.04 ;4.78 5.00 4.86 4.39 3.60 2.56 1.34 0.02 -1.30 -2.52 -3.57 -4.37 -4.85 -5.00 -4.79 -4.24 -3.39 -2.30 -1.05 0.27 1.58 2.77 3.77 4.50 4.92 4.98 4.70 4.08 3.17 2.04 ;4.78 5.00 4.86 4.39 3.60 2.56 1.34 0.02 -1.30 -2.52 -3.57 -4.37 -4.85 -5.00 -4.79 -4.24 -3.39 -2.30 -1.05 0.27 1.58 2.77 3.77 4.50 4.92 4.98 4.70 4.08 3.17 2.04 ;4.78 5.00 4.86 4.39 3.60 2.56 1.34 0.02 -1.30 -2.52 -3.57 -4.37 -4.85 -5.00 -4.79 -4.24 -3.39 -2.30 -1.05 0.27 1.58 2.77 3.77 4.50 4.92 4.98 4.70 4.08 3.17 2.04 ;4.78 5.00 4.86 4.39 3.60 2.56 1.34 0.02 -1.30 -2.52 -3.57 -4.37 -4.85 -5.00 -4.79 -4.24 -3.39 -2.30 -1.05 0.27 1.58 2.77 3.77 4.50 4.92 4.98 4.70 4.08 3.17 2.04 ;4.78 5.00 4.86 4.39 3.60 2.56 1.34 0.02 -1.30 -2.52 -3.57 -4.37 -4.85 -5.00 -4.79 -4.24 -3.39 -2.30 -1.05 0.27 1.58 2.77 3.77 4.50 4.92 4.98 4.70 4.08 3.17 2.04 ;4.78 5.00 4.86 4.39 3.60 2.56 1.34 0.02 -1.30 -2.52 -3.57 -4.37 -4.85 -5.00 -4.79 -4.24 -3.39 -2.30 -1.05 0.27 1.58 2.77 3.77 4.50 4.92 4.98 4.70 4.08 3.17 2.04 ;4.78 5.00 4.86 4.39 3.60 2.56 1.34 0.02 -1.30 -2.52 -3.57 -4.37 -4.85 -5.00 -4.79 -4.24 -3.39 -2.30 -1.05 0.27 1.58 2.77 3.77 4.50 4.92 4.98 4.70 4.08 3.17 2.04 ;4.78 5.00 4.86 4.39 3.60 2.56 1.34 0.02 -1.30 -2.52 -3.57 -4.37 -4.85 -5.00 -4.79 -4.24 -3.39 -2.30 -1.05 0.27 1.58 2.77 3.77 4.50 4.92 4.98 4.70 4.08 3.17 2.04 ;4.78 5.00 4.86 4.39 3.60 2.56 1.34 0.02 -1.30 -2.52 -3.57 -4.37 -4.85 -5.00 -4.79 -4.24 -3.39 -2.30 -1.05 0.27 1.58 2.77 3.77 4.50 4.92 4.98 4.70 4.08 3.17 2.04 ;4.78 5.00 4.86 4.39 3.60 2.56 1.34 0.02 -1.30 -2.52 -3.57 -4.37 -4.85 -5.00 -4.79 -4.24 -3.39 -2.30 -1.05 0.27 1.58 2.77 3.77 4.50 4.92 4.98 4.70 4.08 3.17 2.04 ;4.78 5.00 4.86 4.39 3.60 2.56 1.34 0.02 -1.30 -2.52 -3.57 -4.37 -4.85 -5.00 -4.79 -4.24 -3.39 -2.30 -1.05 0.27 1.58 2.77 3.77 4.50 4.92 4.98 4.70 4.08 3.17 2.04 ;4.78 5.00 4.86 4.39 3.60 2.56 1.34 0.02 -1.30 -2.52 -3.57 -4.37 -4.85 -5.00 -4.79 -4.24 -3.39 -2.30 -1.05 0.27 1.58 2.77 3.77 4.50 4.92 4.98 4.70 4.08 3.17 2.04 ;4.78 5.00 4.86 4.39 3.60 2.56 1.34 0.02 -1.30 -2.52 -3.57 -4.37 -4.85 -5.00 -4.79 -4.24 -3.39 -2.30 -1.05 0.27 1.58 2.77 3.77 4.50 4.92 4.98 4.70 4.08 3.17 2.04 ;4.78 5.00 4.86 4.39 3.60 2.56 1.34 0.02 -1.30 -2.52 -3.57 -4.37 -4.85 -5.00 -4.79 -4.24 -3.39 -2.30 -1.05 0.27 1.58 2.77 3.77 4.50 4.92 4.98 4.70 4.08 3.17 2.04 ;4.78 5.00 4.86 4.39 3.60 2.56 1.34 0.02 -1.30 -2.52 -3.57 -4.37 -4.85 -5.00 -4.79 -4.24 -3.39 -2.30 -1.05 0.27 1.58 2.77 3.77 4.50 4.92 4.98 4.70 4.08 3.17 2.04 ;4.78 5.00 4.86 4.39 3.60 2.56 1.34 0.02 -1.30 -2.52 -3.57 -4.37 -4.85 -5.00 -4.79 -4.24 -3.39 -2.30 -1.05 0.27 1.58 2.77 3.77 4.50 4.92 4.98 4.70 4.08 3.17 2.04 ;4.78 5.00 4.86 4.39 3.60 2.56 1.34 0.02 -1.30 -2.52 -3.57 -4.37 -4.85 -5.00 -4.79 -4.24 -3.39 -2.30 -1.05 0.27 1.58 2.77 3.77 4.50 4.92 4.98 4.70 4.08 3.17 2.04 ;4.78 5.00 4.86 4.39 3.60 2.56 1.34 0.02 -1.30 -2.52 -3.57 -4.37 -4.85 -5.00 -4.79 -4.24 -3.39 -2.30 -1.05 0.27 1.58 2.77 3.77 4.50 4.92 4.98 4.70 4.08 3.17 2.04 ;4.78 5.00 4.86 4.39 3.60 2.56 1.34 0.02 -1.30 -2.52 -3.57 -4.37 -4.85 -5.00 -4.79 -4.24 -3.39 -2.30 -1.05 0.27 1.58 2.77 3.77 4.50 4.92 4.98 4.70 4.08 3.17 2.04 ;4.78 5.00 4.86 4.39 3.60 2.56 1.34 0.02 -1.30 -2.52 -3.57 -4.37 -4.85 -5.00 -4.79 -4.24 -3.39 -2.30 -1.05 0.27 1.58 2.77 3.77 4.50 4.92 4.98 4.70 4.08 3.17 2.04 ;];
