u22 = [4.88 4.99 4.76 4.18 3.31 2.21 0.95 -0.38 -1.68 -2.86 -3.84 -4.55 -4.93 -4.97 -4.66 -4.02 -3.09 -1.94 -0.66 0.67 1.95 3.10 4.02 4.66 4.97 4.93 4.54 3.83 2.85 1.67 ;4.88 4.99 4.76 4.18 3.31 2.21 0.95 -0.38 -1.68 -2.86 -3.84 -4.55 -4.93 -4.97 -4.66 -4.02 -3.09 -1.94 -0.66 0.67 1.95 3.10 4.02 4.66 4.97 4.93 4.54 3.83 2.85 1.67 ;4.88 4.99 4.76 4.18 3.31 2.21 0.95 -0.38 -1.68 -2.86 -3.84 -4.55 -4.93 -4.97 -4.66 -4.02 -3.09 -1.94 -0.66 0.67 1.95 3.10 4.02 4.66 4.97 4.93 4.54 3.83 2.85 1.67 ;4.88 4.99 4.76 4.18 3.31 2.21 0.95 -0.38 -1.68 -2.86 -3.84 -4.55 -4.93 -4.97 -4.66 -4.02 -3.09 -1.94 -0.66 0.67 1.95 3.10 4.02 4.66 4.97 4.93 4.54 3.83 2.85 1.67 ;4.88 4.99 4.76 4.18 3.31 2.21 0.95 -0.38 -1.68 -2.86 -3.84 -4.55 -4.93 -4.97 -4.66 -4.02 -3.09 -1.94 -0.66 0.67 1.95 3.10 4.02 4.66 4.97 4.93 4.54 3.83 2.85 1.67 ;4.88 4.99 4.76 4.18 3.31 2.21 0.95 -0.38 -1.68 -2.86 -3.84 -4.55 -4.93 -4.97 -4.66 -4.02 -3.09 -1.94 -0.66 0.67 1.95 3.10 4.02 4.66 4.97 4.93 4.54 3.83 2.85 1.67 ;4.88 4.99 4.76 4.18 3.31 2.21 0.95 -0.38 -1.68 -2.86 -3.84 -4.55 -4.93 -4.97 -4.66 -4.02 -3.09 -1.94 -0.66 0.67 1.95 3.10 4.02 4.66 4.97 4.93 4.54 3.83 2.85 1.67 ;4.88 4.99 4.76 4.18 3.31 2.21 0.95 -0.38 -1.68 -2.86 -3.84 -4.55 -4.93 -4.97 -4.66 -4.02 -3.09 -1.94 -0.66 0.67 1.95 3.10 4.02 4.66 4.97 4.93 4.54 3.83 2.85 1.67 ;4.88 4.99 4.76 4.18 3.31 2.21 0.95 -0.38 -1.68 -2.86 -3.84 -4.55 -4.93 -4.97 -4.66 -4.02 -3.09 -1.94 -0.66 0.67 1.95 3.10 4.02 4.66 4.97 4.93 4.54 3.83 2.85 1.67 ;4.88 4.99 4.76 4.18 3.31 2.21 0.95 -0.38 -1.68 -2.86 -3.84 -4.55 -4.93 -4.97 -4.66 -4.02 -3.09 -1.94 -0.66 0.67 1.95 3.10 4.02 4.66 4.97 4.93 4.54 3.83 2.85 1.67 ;4.88 4.99 4.76 4.18 3.31 2.21 0.95 -0.38 -1.68 -2.86 -3.84 -4.55 -4.93 -4.97 -4.66 -4.02 -3.09 -1.94 -0.66 0.67 1.95 3.10 4.02 4.66 4.97 4.93 4.54 3.83 2.85 1.67 ;4.88 4.99 4.76 4.18 3.31 2.21 0.95 -0.38 -1.68 -2.86 -3.84 -4.55 -4.93 -4.97 -4.66 -4.02 -3.09 -1.94 -0.66 0.67 1.95 3.10 4.02 4.66 4.97 4.93 4.54 3.83 2.85 1.67 ;4.88 4.99 4.76 4.18 3.31 2.21 0.95 -0.38 -1.68 -2.86 -3.84 -4.55 -4.93 -4.97 -4.66 -4.02 -3.09 -1.94 -0.66 0.67 1.95 3.10 4.02 4.66 4.97 4.93 4.54 3.83 2.85 1.67 ;4.88 4.99 4.76 4.18 3.31 2.21 0.95 -0.38 -1.68 -2.86 -3.84 -4.55 -4.93 -4.97 -4.66 -4.02 -3.09 -1.94 -0.66 0.67 1.95 3.10 4.02 4.66 4.97 4.93 4.54 3.83 2.85 1.67 ;4.88 4.99 4.76 4.18 3.31 2.21 0.95 -0.38 -1.68 -2.86 -3.84 -4.55 -4.93 -4.97 -4.66 -4.02 -3.09 -1.94 -0.66 0.67 1.95 3.10 4.02 4.66 4.97 4.93 4.54 3.83 2.85 1.67 ;4.88 4.99 4.76 4.18 3.31 2.21 0.95 -0.38 -1.68 -2.86 -3.84 -4.55 -4.93 -4.97 -4.66 -4.02 -3.09 -1.94 -0.66 0.67 1.95 3.10 4.02 4.66 4.97 4.93 4.54 3.83 2.85 1.67 ;4.88 4.99 4.76 4.18 3.31 2.21 0.95 -0.38 -1.68 -2.86 -3.84 -4.55 -4.93 -4.97 -4.66 -4.02 -3.09 -1.94 -0.66 0.67 1.95 3.10 4.02 4.66 4.97 4.93 4.54 3.83 2.85 1.67 ;4.88 4.99 4.76 4.18 3.31 2.21 0.95 -0.38 -1.68 -2.86 -3.84 -4.55 -4.93 -4.97 -4.66 -4.02 -3.09 -1.94 -0.66 0.67 1.95 3.10 4.02 4.66 4.97 4.93 4.54 3.83 2.85 1.67 ;4.88 4.99 4.76 4.18 3.31 2.21 0.95 -0.38 -1.68 -2.86 -3.84 -4.55 -4.93 -4.97 -4.66 -4.02 -3.09 -1.94 -0.66 0.67 1.95 3.10 4.02 4.66 4.97 4.93 4.54 3.83 2.85 1.67 ;4.88 4.99 4.76 4.18 3.31 2.21 0.95 -0.38 -1.68 -2.86 -3.84 -4.55 -4.93 -4.97 -4.66 -4.02 -3.09 -1.94 -0.66 0.67 1.95 3.10 4.02 4.66 4.97 4.93 4.54 3.83 2.85 1.67 ;4.88 4.99 4.76 4.18 3.31 2.21 0.95 -0.38 -1.68 -2.86 -3.84 -4.55 -4.93 -4.97 -4.66 -4.02 -3.09 -1.94 -0.66 0.67 1.95 3.10 4.02 4.66 4.97 4.93 4.54 3.83 2.85 1.67 ;4.88 4.99 4.76 4.18 3.31 2.21 0.95 -0.38 -1.68 -2.86 -3.84 -4.55 -4.93 -4.97 -4.66 -4.02 -3.09 -1.94 -0.66 0.67 1.95 3.10 4.02 4.66 4.97 4.93 4.54 3.83 2.85 1.67 ;4.88 4.99 4.76 4.18 3.31 2.21 0.95 -0.38 -1.68 -2.86 -3.84 -4.55 -4.93 -4.97 -4.66 -4.02 -3.09 -1.94 -0.66 0.67 1.95 3.10 4.02 4.66 4.97 4.93 4.54 3.83 2.85 1.67 ;4.88 4.99 4.76 4.18 3.31 2.21 0.95 -0.38 -1.68 -2.86 -3.84 -4.55 -4.93 -4.97 -4.66 -4.02 -3.09 -1.94 -0.66 0.67 1.95 3.10 4.02 4.66 4.97 4.93 4.54 3.83 2.85 1.67 ;4.88 4.99 4.76 4.18 3.31 2.21 0.95 -0.38 -1.68 -2.86 -3.84 -4.55 -4.93 -4.97 -4.66 -4.02 -3.09 -1.94 -0.66 0.67 1.95 3.10 4.02 4.66 4.97 4.93 4.54 3.83 2.85 1.67 ;4.88 4.99 4.76 4.18 3.31 2.21 0.95 -0.38 -1.68 -2.86 -3.84 -4.55 -4.93 -4.97 -4.66 -4.02 -3.09 -1.94 -0.66 0.67 1.95 3.10 4.02 4.66 4.97 4.93 4.54 3.83 2.85 1.67 ;4.88 4.99 4.76 4.18 3.31 2.21 0.95 -0.38 -1.68 -2.86 -3.84 -4.55 -4.93 -4.97 -4.66 -4.02 -3.09 -1.94 -0.66 0.67 1.95 3.10 4.02 4.66 4.97 4.93 4.54 3.83 2.85 1.67 ;4.88 4.99 4.76 4.18 3.31 2.21 0.95 -0.38 -1.68 -2.86 -3.84 -4.55 -4.93 -4.97 -4.66 -4.02 -3.09 -1.94 -0.66 0.67 1.95 3.10 4.02 4.66 4.97 4.93 4.54 3.83 2.85 1.67 ;4.88 4.99 4.76 4.18 3.31 2.21 0.95 -0.38 -1.68 -2.86 -3.84 -4.55 -4.93 -4.97 -4.66 -4.02 -3.09 -1.94 -0.66 0.67 1.95 3.10 4.02 4.66 4.97 4.93 4.54 3.83 2.85 1.67 ;4.88 4.99 4.76 4.18 3.31 2.21 0.95 -0.38 -1.68 -2.86 -3.84 -4.55 -4.93 -4.97 -4.66 -4.02 -3.09 -1.94 -0.66 0.67 1.95 3.10 4.02 4.66 4.97 4.93 4.54 3.83 2.85 1.67 ;];
