u51 = [4.36 4.85 5.00 4.79 4.25 3.40 2.31 1.06 -0.26 -1.57 -2.76 -3.76 -4.50 -4.91 -4.98 -4.70 -4.08 -3.18 -2.05 -0.78 0.55 1.84 3.00 3.95 4.62 4.96 4.95 4.59 3.91 2.95 ;4.36 4.85 5.00 4.79 4.25 3.40 2.31 1.06 -0.26 -1.57 -2.76 -3.76 -4.50 -4.91 -4.98 -4.70 -4.08 -3.18 -2.05 -0.78 0.55 1.84 3.00 3.95 4.62 4.96 4.95 4.59 3.91 2.95 ;4.36 4.85 5.00 4.79 4.25 3.40 2.31 1.06 -0.26 -1.57 -2.76 -3.76 -4.50 -4.91 -4.98 -4.70 -4.08 -3.18 -2.05 -0.78 0.55 1.84 3.00 3.95 4.62 4.96 4.95 4.59 3.91 2.95 ;4.36 4.85 5.00 4.79 4.25 3.40 2.31 1.06 -0.26 -1.57 -2.76 -3.76 -4.50 -4.91 -4.98 -4.70 -4.08 -3.18 -2.05 -0.78 0.55 1.84 3.00 3.95 4.62 4.96 4.95 4.59 3.91 2.95 ;4.36 4.85 5.00 4.79 4.25 3.40 2.31 1.06 -0.26 -1.57 -2.76 -3.76 -4.50 -4.91 -4.98 -4.70 -4.08 -3.18 -2.05 -0.78 0.55 1.84 3.00 3.95 4.62 4.96 4.95 4.59 3.91 2.95 ;4.36 4.85 5.00 4.79 4.25 3.40 2.31 1.06 -0.26 -1.57 -2.76 -3.76 -4.50 -4.91 -4.98 -4.70 -4.08 -3.18 -2.05 -0.78 0.55 1.84 3.00 3.95 4.62 4.96 4.95 4.59 3.91 2.95 ;4.36 4.85 5.00 4.79 4.25 3.40 2.31 1.06 -0.26 -1.57 -2.76 -3.76 -4.50 -4.91 -4.98 -4.70 -4.08 -3.18 -2.05 -0.78 0.55 1.84 3.00 3.95 4.62 4.96 4.95 4.59 3.91 2.95 ;4.36 4.85 5.00 4.79 4.25 3.40 2.31 1.06 -0.26 -1.57 -2.76 -3.76 -4.50 -4.91 -4.98 -4.70 -4.08 -3.18 -2.05 -0.78 0.55 1.84 3.00 3.95 4.62 4.96 4.95 4.59 3.91 2.95 ;4.36 4.85 5.00 4.79 4.25 3.40 2.31 1.06 -0.26 -1.57 -2.76 -3.76 -4.50 -4.91 -4.98 -4.70 -4.08 -3.18 -2.05 -0.78 0.55 1.84 3.00 3.95 4.62 4.96 4.95 4.59 3.91 2.95 ;4.36 4.85 5.00 4.79 4.25 3.40 2.31 1.06 -0.26 -1.57 -2.76 -3.76 -4.50 -4.91 -4.98 -4.70 -4.08 -3.18 -2.05 -0.78 0.55 1.84 3.00 3.95 4.62 4.96 4.95 4.59 3.91 2.95 ;4.36 4.85 5.00 4.79 4.25 3.40 2.31 1.06 -0.26 -1.57 -2.76 -3.76 -4.50 -4.91 -4.98 -4.70 -4.08 -3.18 -2.05 -0.78 0.55 1.84 3.00 3.95 4.62 4.96 4.95 4.59 3.91 2.95 ;4.36 4.85 5.00 4.79 4.25 3.40 2.31 1.06 -0.26 -1.57 -2.76 -3.76 -4.50 -4.91 -4.98 -4.70 -4.08 -3.18 -2.05 -0.78 0.55 1.84 3.00 3.95 4.62 4.96 4.95 4.59 3.91 2.95 ;4.36 4.85 5.00 4.79 4.25 3.40 2.31 1.06 -0.26 -1.57 -2.76 -3.76 -4.50 -4.91 -4.98 -4.70 -4.08 -3.18 -2.05 -0.78 0.55 1.84 3.00 3.95 4.62 4.96 4.95 4.59 3.91 2.95 ;4.36 4.85 5.00 4.79 4.25 3.40 2.31 1.06 -0.26 -1.57 -2.76 -3.76 -4.50 -4.91 -4.98 -4.70 -4.08 -3.18 -2.05 -0.78 0.55 1.84 3.00 3.95 4.62 4.96 4.95 4.59 3.91 2.95 ;4.36 4.85 5.00 4.79 4.25 3.40 2.31 1.06 -0.26 -1.57 -2.76 -3.76 -4.50 -4.91 -4.98 -4.70 -4.08 -3.18 -2.05 -0.78 0.55 1.84 3.00 3.95 4.62 4.96 4.95 4.59 3.91 2.95 ;4.36 4.85 5.00 4.79 4.25 3.40 2.31 1.06 -0.26 -1.57 -2.76 -3.76 -4.50 -4.91 -4.98 -4.70 -4.08 -3.18 -2.05 -0.78 0.55 1.84 3.00 3.95 4.62 4.96 4.95 4.59 3.91 2.95 ;4.36 4.85 5.00 4.79 4.25 3.40 2.31 1.06 -0.26 -1.57 -2.76 -3.76 -4.50 -4.91 -4.98 -4.70 -4.08 -3.18 -2.05 -0.78 0.55 1.84 3.00 3.95 4.62 4.96 4.95 4.59 3.91 2.95 ;4.36 4.85 5.00 4.79 4.25 3.40 2.31 1.06 -0.26 -1.57 -2.76 -3.76 -4.50 -4.91 -4.98 -4.70 -4.08 -3.18 -2.05 -0.78 0.55 1.84 3.00 3.95 4.62 4.96 4.95 4.59 3.91 2.95 ;4.36 4.85 5.00 4.79 4.25 3.40 2.31 1.06 -0.26 -1.57 -2.76 -3.76 -4.50 -4.91 -4.98 -4.70 -4.08 -3.18 -2.05 -0.78 0.55 1.84 3.00 3.95 4.62 4.96 4.95 4.59 3.91 2.95 ;4.36 4.85 5.00 4.79 4.25 3.40 2.31 1.06 -0.26 -1.57 -2.76 -3.76 -4.50 -4.91 -4.98 -4.70 -4.08 -3.18 -2.05 -0.78 0.55 1.84 3.00 3.95 4.62 4.96 4.95 4.59 3.91 2.95 ;4.36 4.85 5.00 4.79 4.25 3.40 2.31 1.06 -0.26 -1.57 -2.76 -3.76 -4.50 -4.91 -4.98 -4.70 -4.08 -3.18 -2.05 -0.78 0.55 1.84 3.00 3.95 4.62 4.96 4.95 4.59 3.91 2.95 ;4.36 4.85 5.00 4.79 4.25 3.40 2.31 1.06 -0.26 -1.57 -2.76 -3.76 -4.50 -4.91 -4.98 -4.70 -4.08 -3.18 -2.05 -0.78 0.55 1.84 3.00 3.95 4.62 4.96 4.95 4.59 3.91 2.95 ;4.36 4.85 5.00 4.79 4.25 3.40 2.31 1.06 -0.26 -1.57 -2.76 -3.76 -4.50 -4.91 -4.98 -4.70 -4.08 -3.18 -2.05 -0.78 0.55 1.84 3.00 3.95 4.62 4.96 4.95 4.59 3.91 2.95 ;4.36 4.85 5.00 4.79 4.25 3.40 2.31 1.06 -0.26 -1.57 -2.76 -3.76 -4.50 -4.91 -4.98 -4.70 -4.08 -3.18 -2.05 -0.78 0.55 1.84 3.00 3.95 4.62 4.96 4.95 4.59 3.91 2.95 ;4.36 4.85 5.00 4.79 4.25 3.40 2.31 1.06 -0.26 -1.57 -2.76 -3.76 -4.50 -4.91 -4.98 -4.70 -4.08 -3.18 -2.05 -0.78 0.55 1.84 3.00 3.95 4.62 4.96 4.95 4.59 3.91 2.95 ;4.36 4.85 5.00 4.79 4.25 3.40 2.31 1.06 -0.26 -1.57 -2.76 -3.76 -4.50 -4.91 -4.98 -4.70 -4.08 -3.18 -2.05 -0.78 0.55 1.84 3.00 3.95 4.62 4.96 4.95 4.59 3.91 2.95 ;4.36 4.85 5.00 4.79 4.25 3.40 2.31 1.06 -0.26 -1.57 -2.76 -3.76 -4.50 -4.91 -4.98 -4.70 -4.08 -3.18 -2.05 -0.78 0.55 1.84 3.00 3.95 4.62 4.96 4.95 4.59 3.91 2.95 ;4.36 4.85 5.00 4.79 4.25 3.40 2.31 1.06 -0.26 -1.57 -2.76 -3.76 -4.50 -4.91 -4.98 -4.70 -4.08 -3.18 -2.05 -0.78 0.55 1.84 3.00 3.95 4.62 4.96 4.95 4.59 3.91 2.95 ;4.36 4.85 5.00 4.79 4.25 3.40 2.31 1.06 -0.26 -1.57 -2.76 -3.76 -4.50 -4.91 -4.98 -4.70 -4.08 -3.18 -2.05 -0.78 0.55 1.84 3.00 3.95 4.62 4.96 4.95 4.59 3.91 2.95 ;4.36 4.85 5.00 4.79 4.25 3.40 2.31 1.06 -0.26 -1.57 -2.76 -3.76 -4.50 -4.91 -4.98 -4.70 -4.08 -3.18 -2.05 -0.78 0.55 1.84 3.00 3.95 4.62 4.96 4.95 4.59 3.91 2.95 ;];
