u43 = [4.54 4.93 4.97 4.66 4.02 3.09 1.95 0.67 -0.66 -1.94 -3.09 -4.02 -4.66 -4.97 -4.93 -4.55 -3.84 -2.86 -1.68 -0.38 0.95 2.21 3.31 4.18 4.76 4.99 4.88 4.42 3.65 2.62 ;4.54 4.93 4.97 4.66 4.02 3.09 1.95 0.67 -0.66 -1.94 -3.09 -4.02 -4.66 -4.97 -4.93 -4.55 -3.84 -2.86 -1.68 -0.38 0.95 2.21 3.31 4.18 4.76 4.99 4.88 4.42 3.65 2.62 ;4.54 4.93 4.97 4.66 4.02 3.09 1.95 0.67 -0.66 -1.94 -3.09 -4.02 -4.66 -4.97 -4.93 -4.55 -3.84 -2.86 -1.68 -0.38 0.95 2.21 3.31 4.18 4.76 4.99 4.88 4.42 3.65 2.62 ;4.54 4.93 4.97 4.66 4.02 3.09 1.95 0.67 -0.66 -1.94 -3.09 -4.02 -4.66 -4.97 -4.93 -4.55 -3.84 -2.86 -1.68 -0.38 0.95 2.21 3.31 4.18 4.76 4.99 4.88 4.42 3.65 2.62 ;4.54 4.93 4.97 4.66 4.02 3.09 1.95 0.67 -0.66 -1.94 -3.09 -4.02 -4.66 -4.97 -4.93 -4.55 -3.84 -2.86 -1.68 -0.38 0.95 2.21 3.31 4.18 4.76 4.99 4.88 4.42 3.65 2.62 ;4.54 4.93 4.97 4.66 4.02 3.09 1.95 0.67 -0.66 -1.94 -3.09 -4.02 -4.66 -4.97 -4.93 -4.55 -3.84 -2.86 -1.68 -0.38 0.95 2.21 3.31 4.18 4.76 4.99 4.88 4.42 3.65 2.62 ;4.54 4.93 4.97 4.66 4.02 3.09 1.95 0.67 -0.66 -1.94 -3.09 -4.02 -4.66 -4.97 -4.93 -4.55 -3.84 -2.86 -1.68 -0.38 0.95 2.21 3.31 4.18 4.76 4.99 4.88 4.42 3.65 2.62 ;4.54 4.93 4.97 4.66 4.02 3.09 1.95 0.67 -0.66 -1.94 -3.09 -4.02 -4.66 -4.97 -4.93 -4.55 -3.84 -2.86 -1.68 -0.38 0.95 2.21 3.31 4.18 4.76 4.99 4.88 4.42 3.65 2.62 ;4.54 4.93 4.97 4.66 4.02 3.09 1.95 0.67 -0.66 -1.94 -3.09 -4.02 -4.66 -4.97 -4.93 -4.55 -3.84 -2.86 -1.68 -0.38 0.95 2.21 3.31 4.18 4.76 4.99 4.88 4.42 3.65 2.62 ;4.54 4.93 4.97 4.66 4.02 3.09 1.95 0.67 -0.66 -1.94 -3.09 -4.02 -4.66 -4.97 -4.93 -4.55 -3.84 -2.86 -1.68 -0.38 0.95 2.21 3.31 4.18 4.76 4.99 4.88 4.42 3.65 2.62 ;4.54 4.93 4.97 4.66 4.02 3.09 1.95 0.67 -0.66 -1.94 -3.09 -4.02 -4.66 -4.97 -4.93 -4.55 -3.84 -2.86 -1.68 -0.38 0.95 2.21 3.31 4.18 4.76 4.99 4.88 4.42 3.65 2.62 ;4.54 4.93 4.97 4.66 4.02 3.09 1.95 0.67 -0.66 -1.94 -3.09 -4.02 -4.66 -4.97 -4.93 -4.55 -3.84 -2.86 -1.68 -0.38 0.95 2.21 3.31 4.18 4.76 4.99 4.88 4.42 3.65 2.62 ;4.54 4.93 4.97 4.66 4.02 3.09 1.95 0.67 -0.66 -1.94 -3.09 -4.02 -4.66 -4.97 -4.93 -4.55 -3.84 -2.86 -1.68 -0.38 0.95 2.21 3.31 4.18 4.76 4.99 4.88 4.42 3.65 2.62 ;4.54 4.93 4.97 4.66 4.02 3.09 1.95 0.67 -0.66 -1.94 -3.09 -4.02 -4.66 -4.97 -4.93 -4.55 -3.84 -2.86 -1.68 -0.38 0.95 2.21 3.31 4.18 4.76 4.99 4.88 4.42 3.65 2.62 ;4.54 4.93 4.97 4.66 4.02 3.09 1.95 0.67 -0.66 -1.94 -3.09 -4.02 -4.66 -4.97 -4.93 -4.55 -3.84 -2.86 -1.68 -0.38 0.95 2.21 3.31 4.18 4.76 4.99 4.88 4.42 3.65 2.62 ;4.54 4.93 4.97 4.66 4.02 3.09 1.95 0.67 -0.66 -1.94 -3.09 -4.02 -4.66 -4.97 -4.93 -4.55 -3.84 -2.86 -1.68 -0.38 0.95 2.21 3.31 4.18 4.76 4.99 4.88 4.42 3.65 2.62 ;4.54 4.93 4.97 4.66 4.02 3.09 1.95 0.67 -0.66 -1.94 -3.09 -4.02 -4.66 -4.97 -4.93 -4.55 -3.84 -2.86 -1.68 -0.38 0.95 2.21 3.31 4.18 4.76 4.99 4.88 4.42 3.65 2.62 ;4.54 4.93 4.97 4.66 4.02 3.09 1.95 0.67 -0.66 -1.94 -3.09 -4.02 -4.66 -4.97 -4.93 -4.55 -3.84 -2.86 -1.68 -0.38 0.95 2.21 3.31 4.18 4.76 4.99 4.88 4.42 3.65 2.62 ;4.54 4.93 4.97 4.66 4.02 3.09 1.95 0.67 -0.66 -1.94 -3.09 -4.02 -4.66 -4.97 -4.93 -4.55 -3.84 -2.86 -1.68 -0.38 0.95 2.21 3.31 4.18 4.76 4.99 4.88 4.42 3.65 2.62 ;4.54 4.93 4.97 4.66 4.02 3.09 1.95 0.67 -0.66 -1.94 -3.09 -4.02 -4.66 -4.97 -4.93 -4.55 -3.84 -2.86 -1.68 -0.38 0.95 2.21 3.31 4.18 4.76 4.99 4.88 4.42 3.65 2.62 ;4.54 4.93 4.97 4.66 4.02 3.09 1.95 0.67 -0.66 -1.94 -3.09 -4.02 -4.66 -4.97 -4.93 -4.55 -3.84 -2.86 -1.68 -0.38 0.95 2.21 3.31 4.18 4.76 4.99 4.88 4.42 3.65 2.62 ;4.54 4.93 4.97 4.66 4.02 3.09 1.95 0.67 -0.66 -1.94 -3.09 -4.02 -4.66 -4.97 -4.93 -4.55 -3.84 -2.86 -1.68 -0.38 0.95 2.21 3.31 4.18 4.76 4.99 4.88 4.42 3.65 2.62 ;4.54 4.93 4.97 4.66 4.02 3.09 1.95 0.67 -0.66 -1.94 -3.09 -4.02 -4.66 -4.97 -4.93 -4.55 -3.84 -2.86 -1.68 -0.38 0.95 2.21 3.31 4.18 4.76 4.99 4.88 4.42 3.65 2.62 ;4.54 4.93 4.97 4.66 4.02 3.09 1.95 0.67 -0.66 -1.94 -3.09 -4.02 -4.66 -4.97 -4.93 -4.55 -3.84 -2.86 -1.68 -0.38 0.95 2.21 3.31 4.18 4.76 4.99 4.88 4.42 3.65 2.62 ;4.54 4.93 4.97 4.66 4.02 3.09 1.95 0.67 -0.66 -1.94 -3.09 -4.02 -4.66 -4.97 -4.93 -4.55 -3.84 -2.86 -1.68 -0.38 0.95 2.21 3.31 4.18 4.76 4.99 4.88 4.42 3.65 2.62 ;4.54 4.93 4.97 4.66 4.02 3.09 1.95 0.67 -0.66 -1.94 -3.09 -4.02 -4.66 -4.97 -4.93 -4.55 -3.84 -2.86 -1.68 -0.38 0.95 2.21 3.31 4.18 4.76 4.99 4.88 4.42 3.65 2.62 ;4.54 4.93 4.97 4.66 4.02 3.09 1.95 0.67 -0.66 -1.94 -3.09 -4.02 -4.66 -4.97 -4.93 -4.55 -3.84 -2.86 -1.68 -0.38 0.95 2.21 3.31 4.18 4.76 4.99 4.88 4.42 3.65 2.62 ;4.54 4.93 4.97 4.66 4.02 3.09 1.95 0.67 -0.66 -1.94 -3.09 -4.02 -4.66 -4.97 -4.93 -4.55 -3.84 -2.86 -1.68 -0.38 0.95 2.21 3.31 4.18 4.76 4.99 4.88 4.42 3.65 2.62 ;4.54 4.93 4.97 4.66 4.02 3.09 1.95 0.67 -0.66 -1.94 -3.09 -4.02 -4.66 -4.97 -4.93 -4.55 -3.84 -2.86 -1.68 -0.38 0.95 2.21 3.31 4.18 4.76 4.99 4.88 4.42 3.65 2.62 ;4.54 4.93 4.97 4.66 4.02 3.09 1.95 0.67 -0.66 -1.94 -3.09 -4.02 -4.66 -4.97 -4.93 -4.55 -3.84 -2.86 -1.68 -0.38 0.95 2.21 3.31 4.18 4.76 4.99 4.88 4.42 3.65 2.62 ;];
