u2 = [5.00 4.85 4.36 3.55 2.50 1.27 -0.05 -1.36 -2.58 -3.62 -4.40 -4.87 -5.00 -4.77 -4.20 -3.34 -2.25 -0.99 0.34 1.64 2.83 3.81 4.53 4.93 4.98 4.67 4.04 3.12 1.98 0.70 ;5.00 4.79 4.26 3.41 2.34 1.09 -0.25 -1.55 -2.75 -3.75 -4.49 -4.91 -4.98 -4.71 -4.10 -3.20 -2.07 -0.80 0.54 1.82 2.99 3.94 4.61 4.95 4.96 4.60 3.92 2.96 1.80 0.70 ;5.00 4.79 4.26 3.41 2.33 1.09 -0.25 -1.55 -2.75 -3.75 -4.49 -4.91 -4.98 -4.71 -4.10 -3.20 -2.07 -0.79 0.54 1.82 2.99 3.94 4.61 4.95 4.96 4.60 3.92 2.96 1.80 0.70 ;5.00 4.79 4.26 3.41 2.33 1.09 -0.25 -1.55 -2.75 -3.75 -4.49 -4.91 -4.98 -4.71 -4.10 -3.20 -2.07 -0.79 0.54 1.82 2.99 3.94 4.61 4.95 4.96 4.60 3.92 2.96 1.80 0.70 ;5.00 4.79 4.26 3.41 2.33 1.09 -0.25 -1.55 -2.75 -3.75 -4.49 -4.91 -4.98 -4.71 -4.10 -3.20 -2.07 -0.79 0.54 1.82 2.99 3.94 4.61 4.95 4.96 4.60 3.92 2.96 1.80 0.70 ;5.00 4.79 4.26 3.41 2.33 1.09 -0.25 -1.55 -2.75 -3.75 -4.49 -4.91 -4.98 -4.71 -4.10 -3.20 -2.07 -0.79 0.54 1.82 2.99 3.94 4.61 4.95 4.96 4.60 3.92 2.96 1.80 0.70 ;5.00 4.79 4.26 3.41 2.33 1.09 -0.25 -1.55 -2.75 -3.75 -4.49 -4.91 -4.98 -4.71 -4.10 -3.20 -2.07 -0.79 0.54 1.82 2.99 3.94 4.61 4.95 4.96 4.60 3.92 2.96 1.80 0.70 ;5.00 4.79 4.26 3.41 2.33 1.09 -0.25 -1.55 -2.75 -3.75 -4.49 -4.91 -4.98 -4.71 -4.10 -3.20 -2.07 -0.79 0.54 1.82 2.99 3.94 4.61 4.95 4.96 4.60 3.92 2.96 1.80 0.70 ;5.00 4.79 4.26 3.41 2.33 1.09 -0.25 -1.55 -2.75 -3.75 -4.49 -4.91 -4.98 -4.71 -4.10 -3.20 -2.07 -0.79 0.54 1.82 2.99 3.94 4.61 4.95 4.96 4.60 3.92 2.96 1.80 0.70 ;5.00 4.79 4.26 3.41 2.33 1.09 -0.25 -1.55 -2.75 -3.75 -4.49 -4.91 -4.98 -4.71 -4.10 -3.20 -2.07 -0.79 0.54 1.82 2.99 3.94 4.61 4.95 4.96 4.60 3.92 2.96 1.80 0.70 ;5.00 4.79 4.26 3.41 2.33 1.09 -0.25 -1.55 -2.75 -3.75 -4.49 -4.91 -4.98 -4.71 -4.10 -3.20 -2.07 -0.79 0.54 1.82 2.99 3.94 4.61 4.95 4.96 4.60 3.92 2.96 1.80 0.70 ;5.00 4.79 4.26 3.41 2.33 1.09 -0.25 -1.55 -2.75 -3.75 -4.49 -4.91 -4.98 -4.71 -4.10 -3.20 -2.07 -0.79 0.54 1.82 2.99 3.94 4.61 4.95 4.96 4.60 3.92 2.96 1.80 0.70 ;5.00 4.79 4.26 3.41 2.33 1.09 -0.25 -1.55 -2.75 -3.75 -4.49 -4.91 -4.98 -4.71 -4.10 -3.20 -2.07 -0.79 0.54 1.82 2.99 3.94 4.61 4.95 4.96 4.60 3.92 2.96 1.80 0.70 ;5.00 4.79 4.26 3.41 2.33 1.09 -0.25 -1.55 -2.75 -3.75 -4.49 -4.91 -4.98 -4.71 -4.10 -3.20 -2.07 -0.79 0.54 1.82 2.99 3.94 4.61 4.95 4.96 4.60 3.92 2.96 1.80 0.70 ;5.00 4.79 4.26 3.41 2.33 1.09 -0.25 -1.55 -2.75 -3.75 -4.49 -4.91 -4.98 -4.71 -4.10 -3.20 -2.07 -0.79 0.54 1.82 2.99 3.94 4.61 4.95 4.96 4.60 3.92 2.96 1.80 0.70 ;5.00 4.79 4.26 3.41 2.33 1.09 -0.25 -1.55 -2.75 -3.75 -4.49 -4.91 -4.98 -4.71 -4.10 -3.20 -2.07 -0.79 0.54 1.82 2.99 3.94 4.61 4.95 4.96 4.60 3.92 2.96 1.80 0.70 ;5.00 4.79 4.26 3.41 2.33 1.09 -0.25 -1.55 -2.75 -3.75 -4.49 -4.91 -4.98 -4.71 -4.10 -3.20 -2.07 -0.79 0.54 1.82 2.99 3.94 4.61 4.95 4.96 4.60 3.92 2.96 1.80 0.70 ;5.00 4.79 4.26 3.41 2.33 1.09 -0.25 -1.55 -2.75 -3.75 -4.49 -4.91 -4.98 -4.71 -4.10 -3.20 -2.07 -0.79 0.54 1.82 2.99 3.94 4.61 4.95 4.96 4.60 3.92 2.96 1.80 0.70 ;5.00 4.79 4.26 3.41 2.33 1.09 -0.25 -1.55 -2.75 -3.75 -4.49 -4.91 -4.98 -4.71 -4.10 -3.20 -2.07 -0.79 0.54 1.82 2.99 3.94 4.61 4.95 4.96 4.60 3.92 2.96 1.80 0.70 ;5.00 4.79 4.26 3.41 2.33 1.09 -0.25 -1.55 -2.75 -3.75 -4.49 -4.91 -4.98 -4.71 -4.10 -3.20 -2.07 -0.79 0.54 1.82 2.99 3.94 4.61 4.95 4.96 4.60 3.92 2.96 1.80 0.70 ;5.00 4.79 4.26 3.41 2.33 1.09 -0.25 -1.55 -2.75 -3.75 -4.49 -4.91 -4.98 -4.71 -4.10 -3.20 -2.07 -0.79 0.54 1.82 2.99 3.94 4.61 4.95 4.96 4.60 3.92 2.96 1.80 0.70 ;5.00 4.79 4.26 3.41 2.33 1.09 -0.25 -1.55 -2.75 -3.75 -4.49 -4.91 -4.98 -4.71 -4.10 -3.20 -2.07 -0.79 0.54 1.82 2.99 3.94 4.61 4.95 4.96 4.60 3.92 2.96 1.80 0.70 ;5.00 4.79 4.26 3.41 2.33 1.09 -0.25 -1.55 -2.75 -3.75 -4.49 -4.91 -4.98 -4.71 -4.10 -3.20 -2.07 -0.79 0.54 1.82 2.99 3.94 4.61 4.95 4.96 4.60 3.92 2.96 1.80 0.70 ;5.00 4.79 4.26 3.41 2.33 1.09 -0.25 -1.55 -2.75 -3.75 -4.49 -4.91 -4.98 -4.71 -4.10 -3.20 -2.07 -0.79 0.54 1.82 2.99 3.94 4.61 4.95 4.96 4.60 3.92 2.96 1.80 0.70 ;5.00 4.79 4.26 3.41 2.33 1.09 -0.25 -1.55 -2.75 -3.75 -4.49 -4.91 -4.98 -4.71 -4.10 -3.20 -2.07 -0.79 0.54 1.82 2.99 3.94 4.61 4.95 4.96 4.60 3.92 2.96 1.80 0.70 ;5.00 4.79 4.26 3.41 2.33 1.09 -0.25 -1.55 -2.75 -3.75 -4.49 -4.91 -4.98 -4.71 -4.10 -3.20 -2.07 -0.79 0.54 1.82 2.99 3.94 4.61 4.95 4.96 4.60 3.92 2.96 1.80 0.70 ;5.00 4.79 4.26 3.41 2.33 1.09 -0.25 -1.55 -2.75 -3.75 -4.49 -4.91 -4.98 -4.71 -4.10 -3.20 -2.07 -0.79 0.54 1.82 2.99 3.94 4.61 4.95 4.96 4.60 3.92 2.96 1.80 0.70 ;5.00 4.79 4.26 3.41 2.33 1.09 -0.25 -1.55 -2.75 -3.75 -4.49 -4.91 -4.98 -4.71 -4.10 -3.20 -2.07 -0.79 0.54 1.82 2.99 3.94 4.61 4.95 4.96 4.60 3.92 2.96 1.80 0.70 ;5.00 4.79 4.26 3.41 2.34 1.09 -0.25 -1.55 -2.75 -3.75 -4.49 -4.91 -4.98 -4.71 -4.10 -3.20 -2.07 -0.80 0.54 1.82 2.99 3.94 4.61 4.95 4.96 4.60 3.92 2.96 1.80 0.70 ;5.00 4.85 4.36 3.55 2.50 1.27 -0.05 -1.36 -2.58 -3.62 -4.40 -4.87 -5.00 -4.77 -4.20 -3.34 -2.25 -0.99 0.34 1.64 2.83 3.81 4.53 4.93 4.98 4.67 4.04 3.12 1.98 0.70 ;];
