u32 = [4.75 4.99 4.89 4.43 3.67 2.65 1.43 0.12 -1.20 -2.44 -3.50 -4.32 -4.83 -5.00 -4.82 -4.29 -3.47 -2.39 -1.15 0.17 1.48 2.69 3.70 4.46 4.90 4.99 4.73 4.14 3.25 2.13 ;4.75 4.99 4.89 4.43 3.67 2.65 1.43 0.12 -1.20 -2.44 -3.50 -4.32 -4.83 -5.00 -4.82 -4.29 -3.47 -2.39 -1.15 0.17 1.48 2.69 3.70 4.46 4.90 4.99 4.73 4.14 3.25 2.13 ;4.75 4.99 4.89 4.43 3.67 2.65 1.43 0.12 -1.20 -2.44 -3.50 -4.32 -4.83 -5.00 -4.82 -4.29 -3.47 -2.39 -1.15 0.17 1.48 2.69 3.70 4.46 4.90 4.99 4.73 4.14 3.25 2.13 ;4.75 4.99 4.89 4.43 3.67 2.65 1.43 0.12 -1.20 -2.44 -3.50 -4.32 -4.83 -5.00 -4.82 -4.29 -3.47 -2.39 -1.15 0.17 1.48 2.69 3.70 4.46 4.90 4.99 4.73 4.14 3.25 2.13 ;4.75 4.99 4.89 4.43 3.67 2.65 1.43 0.12 -1.20 -2.44 -3.50 -4.32 -4.83 -5.00 -4.82 -4.29 -3.47 -2.39 -1.15 0.17 1.48 2.69 3.70 4.46 4.90 4.99 4.73 4.14 3.25 2.13 ;4.75 4.99 4.89 4.43 3.67 2.65 1.43 0.12 -1.20 -2.44 -3.50 -4.32 -4.83 -5.00 -4.82 -4.29 -3.47 -2.39 -1.15 0.17 1.48 2.69 3.70 4.46 4.90 4.99 4.73 4.14 3.25 2.13 ;4.75 4.99 4.89 4.43 3.67 2.65 1.43 0.12 -1.20 -2.44 -3.50 -4.32 -4.83 -5.00 -4.82 -4.29 -3.47 -2.39 -1.15 0.17 1.48 2.69 3.70 4.46 4.90 4.99 4.73 4.14 3.25 2.13 ;4.75 4.99 4.89 4.43 3.67 2.65 1.43 0.12 -1.20 -2.44 -3.50 -4.32 -4.83 -5.00 -4.82 -4.29 -3.47 -2.39 -1.15 0.17 1.48 2.69 3.70 4.46 4.90 4.99 4.73 4.14 3.25 2.13 ;4.75 4.99 4.89 4.43 3.67 2.65 1.43 0.12 -1.20 -2.44 -3.50 -4.32 -4.83 -5.00 -4.82 -4.29 -3.47 -2.39 -1.15 0.17 1.48 2.69 3.70 4.46 4.90 4.99 4.73 4.14 3.25 2.13 ;4.75 4.99 4.89 4.43 3.67 2.65 1.43 0.12 -1.20 -2.44 -3.50 -4.32 -4.83 -5.00 -4.82 -4.29 -3.47 -2.39 -1.15 0.17 1.48 2.69 3.70 4.46 4.90 4.99 4.73 4.14 3.25 2.13 ;4.75 4.99 4.89 4.43 3.67 2.65 1.43 0.12 -1.20 -2.44 -3.50 -4.32 -4.83 -5.00 -4.82 -4.29 -3.47 -2.39 -1.15 0.17 1.48 2.69 3.70 4.46 4.90 4.99 4.73 4.14 3.25 2.13 ;4.75 4.99 4.89 4.43 3.67 2.65 1.43 0.12 -1.20 -2.44 -3.50 -4.32 -4.83 -5.00 -4.82 -4.29 -3.47 -2.39 -1.15 0.17 1.48 2.69 3.70 4.46 4.90 4.99 4.73 4.14 3.25 2.13 ;4.75 4.99 4.89 4.43 3.67 2.65 1.43 0.12 -1.20 -2.44 -3.50 -4.32 -4.83 -5.00 -4.82 -4.29 -3.47 -2.39 -1.15 0.17 1.48 2.69 3.70 4.46 4.90 4.99 4.73 4.14 3.25 2.13 ;4.75 4.99 4.89 4.43 3.67 2.65 1.43 0.12 -1.20 -2.44 -3.50 -4.32 -4.83 -5.00 -4.82 -4.29 -3.47 -2.39 -1.15 0.17 1.48 2.69 3.70 4.46 4.90 4.99 4.73 4.14 3.25 2.13 ;4.75 4.99 4.89 4.43 3.67 2.65 1.43 0.12 -1.20 -2.44 -3.50 -4.32 -4.83 -5.00 -4.82 -4.29 -3.47 -2.39 -1.15 0.17 1.48 2.69 3.70 4.46 4.90 4.99 4.73 4.14 3.25 2.13 ;4.75 4.99 4.89 4.43 3.67 2.65 1.43 0.12 -1.20 -2.44 -3.50 -4.32 -4.83 -5.00 -4.82 -4.29 -3.47 -2.39 -1.15 0.17 1.48 2.69 3.70 4.46 4.90 4.99 4.73 4.14 3.25 2.13 ;4.75 4.99 4.89 4.43 3.67 2.65 1.43 0.12 -1.20 -2.44 -3.50 -4.32 -4.83 -5.00 -4.82 -4.29 -3.47 -2.39 -1.15 0.17 1.48 2.69 3.70 4.46 4.90 4.99 4.73 4.14 3.25 2.13 ;4.75 4.99 4.89 4.43 3.67 2.65 1.43 0.12 -1.20 -2.44 -3.50 -4.32 -4.83 -5.00 -4.82 -4.29 -3.47 -2.39 -1.15 0.17 1.48 2.69 3.70 4.46 4.90 4.99 4.73 4.14 3.25 2.13 ;4.75 4.99 4.89 4.43 3.67 2.65 1.43 0.12 -1.20 -2.44 -3.50 -4.32 -4.83 -5.00 -4.82 -4.29 -3.47 -2.39 -1.15 0.17 1.48 2.69 3.70 4.46 4.90 4.99 4.73 4.14 3.25 2.13 ;4.75 4.99 4.89 4.43 3.67 2.65 1.43 0.12 -1.20 -2.44 -3.50 -4.32 -4.83 -5.00 -4.82 -4.29 -3.47 -2.39 -1.15 0.17 1.48 2.69 3.70 4.46 4.90 4.99 4.73 4.14 3.25 2.13 ;4.75 4.99 4.89 4.43 3.67 2.65 1.43 0.12 -1.20 -2.44 -3.50 -4.32 -4.83 -5.00 -4.82 -4.29 -3.47 -2.39 -1.15 0.17 1.48 2.69 3.70 4.46 4.90 4.99 4.73 4.14 3.25 2.13 ;4.75 4.99 4.89 4.43 3.67 2.65 1.43 0.12 -1.20 -2.44 -3.50 -4.32 -4.83 -5.00 -4.82 -4.29 -3.47 -2.39 -1.15 0.17 1.48 2.69 3.70 4.46 4.90 4.99 4.73 4.14 3.25 2.13 ;4.75 4.99 4.89 4.43 3.67 2.65 1.43 0.12 -1.20 -2.44 -3.50 -4.32 -4.83 -5.00 -4.82 -4.29 -3.47 -2.39 -1.15 0.17 1.48 2.69 3.70 4.46 4.90 4.99 4.73 4.14 3.25 2.13 ;4.75 4.99 4.89 4.43 3.67 2.65 1.43 0.12 -1.20 -2.44 -3.50 -4.32 -4.83 -5.00 -4.82 -4.29 -3.47 -2.39 -1.15 0.17 1.48 2.69 3.70 4.46 4.90 4.99 4.73 4.14 3.25 2.13 ;4.75 4.99 4.89 4.43 3.67 2.65 1.43 0.12 -1.20 -2.44 -3.50 -4.32 -4.83 -5.00 -4.82 -4.29 -3.47 -2.39 -1.15 0.17 1.48 2.69 3.70 4.46 4.90 4.99 4.73 4.14 3.25 2.13 ;4.75 4.99 4.89 4.43 3.67 2.65 1.43 0.12 -1.20 -2.44 -3.50 -4.32 -4.83 -5.00 -4.82 -4.29 -3.47 -2.39 -1.15 0.17 1.48 2.69 3.70 4.46 4.90 4.99 4.73 4.14 3.25 2.13 ;4.75 4.99 4.89 4.43 3.67 2.65 1.43 0.12 -1.20 -2.44 -3.50 -4.32 -4.83 -5.00 -4.82 -4.29 -3.47 -2.39 -1.15 0.17 1.48 2.69 3.70 4.46 4.90 4.99 4.73 4.14 3.25 2.13 ;4.75 4.99 4.89 4.43 3.67 2.65 1.43 0.12 -1.20 -2.44 -3.50 -4.32 -4.83 -5.00 -4.82 -4.29 -3.47 -2.39 -1.15 0.17 1.48 2.69 3.70 4.46 4.90 4.99 4.73 4.14 3.25 2.13 ;4.75 4.99 4.89 4.43 3.67 2.65 1.43 0.12 -1.20 -2.44 -3.50 -4.32 -4.83 -5.00 -4.82 -4.29 -3.47 -2.39 -1.15 0.17 1.48 2.69 3.70 4.46 4.90 4.99 4.73 4.14 3.25 2.13 ;4.75 4.99 4.89 4.43 3.67 2.65 1.43 0.12 -1.20 -2.44 -3.50 -4.32 -4.83 -5.00 -4.82 -4.29 -3.47 -2.39 -1.15 0.17 1.48 2.69 3.70 4.46 4.90 4.99 4.73 4.14 3.25 2.13 ;];
