u9 = [4.98 4.92 4.52 3.79 2.80 1.61 0.30 -1.02 -2.28 -3.37 -4.22 -4.78 -5.00 -4.86 -4.38 -3.60 -2.55 -1.33 -0.01 1.31 2.53 3.58 4.37 4.86 5.00 4.79 4.24 3.39 2.30 1.05 ;4.98 4.61 4.12 3.24 2.14 0.88 -0.45 -1.74 -2.91 -3.87 -4.56 -4.92 -4.94 -4.61 -3.95 -3.02 -1.87 -0.59 0.74 2.00 3.14 4.04 4.66 4.95 4.90 4.49 3.77 2.78 1.60 1.05 ;4.98 4.61 4.12 3.23 2.13 0.86 -0.47 -1.75 -2.92 -3.88 -4.57 -4.92 -4.94 -4.61 -3.95 -3.01 -1.86 -0.57 0.75 2.02 3.15 4.06 4.67 4.96 4.90 4.49 3.76 2.77 1.59 1.05 ;4.98 4.61 4.12 3.23 2.13 0.86 -0.47 -1.75 -2.92 -3.88 -4.57 -4.92 -4.94 -4.61 -3.95 -3.01 -1.86 -0.57 0.75 2.02 3.15 4.06 4.67 4.96 4.90 4.49 3.76 2.77 1.59 1.05 ;4.98 4.61 4.12 3.23 2.13 0.86 -0.47 -1.75 -2.92 -3.88 -4.57 -4.92 -4.94 -4.61 -3.95 -3.01 -1.86 -0.57 0.75 2.02 3.15 4.06 4.67 4.96 4.90 4.49 3.76 2.77 1.59 1.05 ;4.98 4.61 4.12 3.23 2.13 0.86 -0.47 -1.75 -2.92 -3.88 -4.57 -4.92 -4.94 -4.61 -3.95 -3.01 -1.86 -0.57 0.75 2.02 3.15 4.06 4.67 4.96 4.90 4.49 3.76 2.77 1.59 1.05 ;4.98 4.61 4.12 3.23 2.13 0.86 -0.47 -1.75 -2.92 -3.88 -4.57 -4.92 -4.94 -4.61 -3.95 -3.01 -1.86 -0.57 0.75 2.02 3.15 4.06 4.67 4.96 4.90 4.49 3.76 2.77 1.59 1.05 ;4.98 4.61 4.12 3.23 2.13 0.86 -0.47 -1.75 -2.92 -3.88 -4.57 -4.92 -4.94 -4.61 -3.95 -3.01 -1.86 -0.57 0.75 2.02 3.15 4.06 4.67 4.96 4.90 4.49 3.76 2.77 1.59 1.05 ;4.98 4.61 4.12 3.23 2.13 0.86 -0.47 -1.75 -2.92 -3.88 -4.57 -4.92 -4.94 -4.61 -3.95 -3.01 -1.86 -0.57 0.75 2.02 3.15 4.06 4.67 4.96 4.90 4.49 3.76 2.77 1.59 1.05 ;4.98 4.61 4.12 3.23 2.13 0.86 -0.47 -1.75 -2.92 -3.88 -4.57 -4.92 -4.94 -4.61 -3.95 -3.01 -1.86 -0.57 0.75 2.02 3.15 4.06 4.67 4.96 4.90 4.49 3.76 2.77 1.59 1.05 ;4.98 4.61 4.12 3.23 2.13 0.86 -0.47 -1.75 -2.92 -3.88 -4.57 -4.92 -4.94 -4.61 -3.95 -3.01 -1.86 -0.57 0.75 2.02 3.15 4.06 4.67 4.96 4.90 4.49 3.76 2.77 1.59 1.05 ;4.98 4.61 4.12 3.23 2.13 0.86 -0.47 -1.75 -2.92 -3.88 -4.57 -4.92 -4.94 -4.61 -3.95 -3.01 -1.86 -0.57 0.75 2.02 3.15 4.06 4.67 4.96 4.90 4.49 3.76 2.77 1.59 1.05 ;4.98 4.61 4.12 3.23 2.13 0.86 -0.47 -1.75 -2.92 -3.88 -4.57 -4.92 -4.94 -4.61 -3.95 -3.01 -1.86 -0.57 0.75 2.02 3.15 4.06 4.67 4.96 4.90 4.49 3.76 2.77 1.59 1.05 ;4.98 4.61 4.12 3.23 2.13 0.86 -0.47 -1.75 -2.92 -3.88 -4.57 -4.92 -4.94 -4.61 -3.95 -3.01 -1.86 -0.57 0.75 2.02 3.15 4.06 4.67 4.96 4.90 4.49 3.76 2.77 1.59 1.05 ;4.98 4.61 4.12 3.23 2.13 0.86 -0.47 -1.75 -2.92 -3.88 -4.57 -4.92 -4.94 -4.61 -3.95 -3.01 -1.86 -0.57 0.75 2.02 3.15 4.06 4.67 4.96 4.90 4.49 3.76 2.77 1.59 1.05 ;4.98 4.61 4.12 3.23 2.13 0.86 -0.47 -1.75 -2.92 -3.88 -4.57 -4.92 -4.94 -4.61 -3.95 -3.01 -1.86 -0.57 0.75 2.02 3.15 4.06 4.67 4.96 4.90 4.49 3.76 2.77 1.59 1.05 ;4.98 4.61 4.12 3.23 2.13 0.86 -0.47 -1.75 -2.92 -3.88 -4.57 -4.92 -4.94 -4.61 -3.95 -3.01 -1.86 -0.57 0.75 2.02 3.15 4.06 4.67 4.96 4.90 4.49 3.76 2.77 1.59 1.05 ;4.98 4.61 4.12 3.23 2.13 0.86 -0.47 -1.75 -2.92 -3.88 -4.57 -4.92 -4.94 -4.61 -3.95 -3.01 -1.86 -0.57 0.75 2.02 3.15 4.06 4.67 4.96 4.90 4.49 3.76 2.77 1.59 1.05 ;4.98 4.61 4.12 3.23 2.13 0.86 -0.47 -1.75 -2.92 -3.88 -4.57 -4.92 -4.94 -4.61 -3.95 -3.01 -1.86 -0.57 0.75 2.02 3.15 4.06 4.67 4.96 4.90 4.49 3.76 2.77 1.59 1.05 ;4.98 4.61 4.12 3.23 2.13 0.86 -0.47 -1.75 -2.92 -3.88 -4.57 -4.92 -4.94 -4.61 -3.95 -3.01 -1.86 -0.57 0.75 2.02 3.15 4.06 4.67 4.96 4.90 4.49 3.76 2.77 1.59 1.05 ;4.98 4.61 4.12 3.23 2.13 0.86 -0.47 -1.75 -2.92 -3.88 -4.57 -4.92 -4.94 -4.61 -3.95 -3.01 -1.86 -0.57 0.75 2.02 3.15 4.06 4.67 4.96 4.90 4.49 3.76 2.77 1.59 1.05 ;4.98 4.61 4.12 3.23 2.13 0.86 -0.47 -1.75 -2.92 -3.88 -4.57 -4.92 -4.94 -4.61 -3.95 -3.01 -1.86 -0.57 0.75 2.02 3.15 4.06 4.67 4.96 4.90 4.49 3.76 2.77 1.59 1.05 ;4.98 4.61 4.12 3.23 2.13 0.86 -0.47 -1.75 -2.92 -3.88 -4.57 -4.92 -4.94 -4.61 -3.95 -3.01 -1.86 -0.57 0.75 2.02 3.15 4.06 4.67 4.96 4.90 4.49 3.76 2.77 1.59 1.05 ;4.98 4.61 4.12 3.23 2.13 0.86 -0.47 -1.75 -2.92 -3.88 -4.57 -4.92 -4.94 -4.61 -3.95 -3.01 -1.86 -0.57 0.75 2.02 3.15 4.06 4.67 4.96 4.90 4.49 3.76 2.77 1.59 1.05 ;4.98 4.61 4.12 3.23 2.13 0.86 -0.47 -1.75 -2.92 -3.88 -4.57 -4.92 -4.94 -4.61 -3.95 -3.01 -1.86 -0.57 0.75 2.02 3.15 4.06 4.67 4.96 4.90 4.49 3.76 2.77 1.59 1.05 ;4.98 4.61 4.12 3.23 2.13 0.86 -0.47 -1.75 -2.92 -3.88 -4.57 -4.92 -4.94 -4.61 -3.95 -3.01 -1.86 -0.57 0.75 2.02 3.15 4.06 4.67 4.96 4.90 4.49 3.76 2.77 1.59 1.05 ;4.98 4.61 4.12 3.23 2.13 0.86 -0.47 -1.75 -2.92 -3.88 -4.57 -4.92 -4.94 -4.61 -3.95 -3.01 -1.86 -0.57 0.75 2.02 3.15 4.06 4.67 4.96 4.90 4.49 3.76 2.77 1.59 1.05 ;4.98 4.61 4.12 3.23 2.13 0.86 -0.47 -1.75 -2.92 -3.88 -4.57 -4.92 -4.94 -4.61 -3.95 -3.01 -1.86 -0.57 0.75 2.02 3.15 4.06 4.67 4.96 4.90 4.49 3.76 2.77 1.59 1.05 ;4.98 4.61 4.12 3.24 2.14 0.88 -0.45 -1.74 -2.91 -3.87 -4.56 -4.92 -4.94 -4.61 -3.95 -3.02 -1.87 -0.59 0.74 2.00 3.14 4.04 4.66 4.95 4.90 4.49 3.77 2.78 1.60 1.05 ;4.98 4.92 4.52 3.79 2.80 1.61 0.30 -1.02 -2.28 -3.37 -4.22 -4.78 -5.00 -4.86 -4.38 -3.60 -2.55 -1.33 -0.01 1.31 2.53 3.58 4.37 4.86 5.00 4.79 4.24 3.39 2.30 1.05 ;];
