u48 = [4.43 4.89 4.99 4.75 4.16 3.29 2.18 0.92 -0.41 -1.71 -2.89 -3.86 -4.56 -4.94 -4.97 -4.65 -4.00 -3.06 -1.91 -0.63 0.70 1.98 3.12 4.04 4.67 4.98 4.93 4.53 3.81 2.83 ;4.43 4.89 4.99 4.75 4.16 3.29 2.18 0.92 -0.41 -1.71 -2.89 -3.86 -4.56 -4.94 -4.97 -4.65 -4.00 -3.06 -1.91 -0.63 0.70 1.98 3.12 4.04 4.67 4.98 4.93 4.53 3.81 2.83 ;4.43 4.89 4.99 4.75 4.16 3.29 2.18 0.92 -0.41 -1.71 -2.89 -3.86 -4.56 -4.94 -4.97 -4.65 -4.00 -3.06 -1.91 -0.63 0.70 1.98 3.12 4.04 4.67 4.98 4.93 4.53 3.81 2.83 ;4.43 4.89 4.99 4.75 4.16 3.29 2.18 0.92 -0.41 -1.71 -2.89 -3.86 -4.56 -4.94 -4.97 -4.65 -4.00 -3.06 -1.91 -0.63 0.70 1.98 3.12 4.04 4.67 4.98 4.93 4.53 3.81 2.83 ;4.43 4.89 4.99 4.75 4.16 3.29 2.18 0.92 -0.41 -1.71 -2.89 -3.86 -4.56 -4.94 -4.97 -4.65 -4.00 -3.06 -1.91 -0.63 0.70 1.98 3.12 4.04 4.67 4.98 4.93 4.53 3.81 2.83 ;4.43 4.89 4.99 4.75 4.16 3.29 2.18 0.92 -0.41 -1.71 -2.89 -3.86 -4.56 -4.94 -4.97 -4.65 -4.00 -3.06 -1.91 -0.63 0.70 1.98 3.12 4.04 4.67 4.98 4.93 4.53 3.81 2.83 ;4.43 4.89 4.99 4.75 4.16 3.29 2.18 0.92 -0.41 -1.71 -2.89 -3.86 -4.56 -4.94 -4.97 -4.65 -4.00 -3.06 -1.91 -0.63 0.70 1.98 3.12 4.04 4.67 4.98 4.93 4.53 3.81 2.83 ;4.43 4.89 4.99 4.75 4.16 3.29 2.18 0.92 -0.41 -1.71 -2.89 -3.86 -4.56 -4.94 -4.97 -4.65 -4.00 -3.06 -1.91 -0.63 0.70 1.98 3.12 4.04 4.67 4.98 4.93 4.53 3.81 2.83 ;4.43 4.89 4.99 4.75 4.16 3.29 2.18 0.92 -0.41 -1.71 -2.89 -3.86 -4.56 -4.94 -4.97 -4.65 -4.00 -3.06 -1.91 -0.63 0.70 1.98 3.12 4.04 4.67 4.98 4.93 4.53 3.81 2.83 ;4.43 4.89 4.99 4.75 4.16 3.29 2.18 0.92 -0.41 -1.71 -2.89 -3.86 -4.56 -4.94 -4.97 -4.65 -4.00 -3.06 -1.91 -0.63 0.70 1.98 3.12 4.04 4.67 4.98 4.93 4.53 3.81 2.83 ;4.43 4.89 4.99 4.75 4.16 3.29 2.18 0.92 -0.41 -1.71 -2.89 -3.86 -4.56 -4.94 -4.97 -4.65 -4.00 -3.06 -1.91 -0.63 0.70 1.98 3.12 4.04 4.67 4.98 4.93 4.53 3.81 2.83 ;4.43 4.89 4.99 4.75 4.16 3.29 2.18 0.92 -0.41 -1.71 -2.89 -3.86 -4.56 -4.94 -4.97 -4.65 -4.00 -3.06 -1.91 -0.63 0.70 1.98 3.12 4.04 4.67 4.98 4.93 4.53 3.81 2.83 ;4.43 4.89 4.99 4.75 4.16 3.29 2.18 0.92 -0.41 -1.71 -2.89 -3.86 -4.56 -4.94 -4.97 -4.65 -4.00 -3.06 -1.91 -0.63 0.70 1.98 3.12 4.04 4.67 4.98 4.93 4.53 3.81 2.83 ;4.43 4.89 4.99 4.75 4.16 3.29 2.18 0.92 -0.41 -1.71 -2.89 -3.86 -4.56 -4.94 -4.97 -4.65 -4.00 -3.06 -1.91 -0.63 0.70 1.98 3.12 4.04 4.67 4.98 4.93 4.53 3.81 2.83 ;4.43 4.89 4.99 4.75 4.16 3.29 2.18 0.92 -0.41 -1.71 -2.89 -3.86 -4.56 -4.94 -4.97 -4.65 -4.00 -3.06 -1.91 -0.63 0.70 1.98 3.12 4.04 4.67 4.98 4.93 4.53 3.81 2.83 ;4.43 4.89 4.99 4.75 4.16 3.29 2.18 0.92 -0.41 -1.71 -2.89 -3.86 -4.56 -4.94 -4.97 -4.65 -4.00 -3.06 -1.91 -0.63 0.70 1.98 3.12 4.04 4.67 4.98 4.93 4.53 3.81 2.83 ;4.43 4.89 4.99 4.75 4.16 3.29 2.18 0.92 -0.41 -1.71 -2.89 -3.86 -4.56 -4.94 -4.97 -4.65 -4.00 -3.06 -1.91 -0.63 0.70 1.98 3.12 4.04 4.67 4.98 4.93 4.53 3.81 2.83 ;4.43 4.89 4.99 4.75 4.16 3.29 2.18 0.92 -0.41 -1.71 -2.89 -3.86 -4.56 -4.94 -4.97 -4.65 -4.00 -3.06 -1.91 -0.63 0.70 1.98 3.12 4.04 4.67 4.98 4.93 4.53 3.81 2.83 ;4.43 4.89 4.99 4.75 4.16 3.29 2.18 0.92 -0.41 -1.71 -2.89 -3.86 -4.56 -4.94 -4.97 -4.65 -4.00 -3.06 -1.91 -0.63 0.70 1.98 3.12 4.04 4.67 4.98 4.93 4.53 3.81 2.83 ;4.43 4.89 4.99 4.75 4.16 3.29 2.18 0.92 -0.41 -1.71 -2.89 -3.86 -4.56 -4.94 -4.97 -4.65 -4.00 -3.06 -1.91 -0.63 0.70 1.98 3.12 4.04 4.67 4.98 4.93 4.53 3.81 2.83 ;4.43 4.89 4.99 4.75 4.16 3.29 2.18 0.92 -0.41 -1.71 -2.89 -3.86 -4.56 -4.94 -4.97 -4.65 -4.00 -3.06 -1.91 -0.63 0.70 1.98 3.12 4.04 4.67 4.98 4.93 4.53 3.81 2.83 ;4.43 4.89 4.99 4.75 4.16 3.29 2.18 0.92 -0.41 -1.71 -2.89 -3.86 -4.56 -4.94 -4.97 -4.65 -4.00 -3.06 -1.91 -0.63 0.70 1.98 3.12 4.04 4.67 4.98 4.93 4.53 3.81 2.83 ;4.43 4.89 4.99 4.75 4.16 3.29 2.18 0.92 -0.41 -1.71 -2.89 -3.86 -4.56 -4.94 -4.97 -4.65 -4.00 -3.06 -1.91 -0.63 0.70 1.98 3.12 4.04 4.67 4.98 4.93 4.53 3.81 2.83 ;4.43 4.89 4.99 4.75 4.16 3.29 2.18 0.92 -0.41 -1.71 -2.89 -3.86 -4.56 -4.94 -4.97 -4.65 -4.00 -3.06 -1.91 -0.63 0.70 1.98 3.12 4.04 4.67 4.98 4.93 4.53 3.81 2.83 ;4.43 4.89 4.99 4.75 4.16 3.29 2.18 0.92 -0.41 -1.71 -2.89 -3.86 -4.56 -4.94 -4.97 -4.65 -4.00 -3.06 -1.91 -0.63 0.70 1.98 3.12 4.04 4.67 4.98 4.93 4.53 3.81 2.83 ;4.43 4.89 4.99 4.75 4.16 3.29 2.18 0.92 -0.41 -1.71 -2.89 -3.86 -4.56 -4.94 -4.97 -4.65 -4.00 -3.06 -1.91 -0.63 0.70 1.98 3.12 4.04 4.67 4.98 4.93 4.53 3.81 2.83 ;4.43 4.89 4.99 4.75 4.16 3.29 2.18 0.92 -0.41 -1.71 -2.89 -3.86 -4.56 -4.94 -4.97 -4.65 -4.00 -3.06 -1.91 -0.63 0.70 1.98 3.12 4.04 4.67 4.98 4.93 4.53 3.81 2.83 ;4.43 4.89 4.99 4.75 4.16 3.29 2.18 0.92 -0.41 -1.71 -2.89 -3.86 -4.56 -4.94 -4.97 -4.65 -4.00 -3.06 -1.91 -0.63 0.70 1.98 3.12 4.04 4.67 4.98 4.93 4.53 3.81 2.83 ;4.43 4.89 4.99 4.75 4.16 3.29 2.18 0.92 -0.41 -1.71 -2.89 -3.86 -4.56 -4.94 -4.97 -4.65 -4.00 -3.06 -1.91 -0.63 0.70 1.98 3.12 4.04 4.67 4.98 4.93 4.53 3.81 2.83 ;4.43 4.89 4.99 4.75 4.16 3.29 2.18 0.92 -0.41 -1.71 -2.89 -3.86 -4.56 -4.94 -4.97 -4.65 -4.00 -3.06 -1.91 -0.63 0.70 1.98 3.12 4.04 4.67 4.98 4.93 4.53 3.81 2.83 ;];
