u28 = [4.81 5.00 4.84 4.34 3.53 2.47 1.24 -0.08 -1.39 -2.61 -3.64 -4.42 -4.88 -4.99 -4.76 -4.19 -3.32 -2.22 -0.96 0.37 1.67 2.85 3.84 4.55 4.93 4.97 4.66 4.02 3.09 1.95 ;4.81 5.00 4.84 4.34 3.53 2.47 1.24 -0.08 -1.39 -2.61 -3.64 -4.42 -4.88 -4.99 -4.76 -4.19 -3.32 -2.22 -0.96 0.37 1.67 2.85 3.84 4.55 4.93 4.97 4.66 4.02 3.09 1.95 ;4.81 5.00 4.84 4.34 3.53 2.47 1.24 -0.08 -1.39 -2.61 -3.64 -4.42 -4.88 -4.99 -4.76 -4.19 -3.32 -2.22 -0.96 0.37 1.67 2.85 3.84 4.55 4.93 4.97 4.66 4.02 3.09 1.95 ;4.81 5.00 4.84 4.34 3.53 2.47 1.24 -0.08 -1.39 -2.61 -3.64 -4.42 -4.88 -4.99 -4.76 -4.19 -3.32 -2.22 -0.96 0.37 1.67 2.85 3.84 4.55 4.93 4.97 4.66 4.02 3.09 1.95 ;4.81 5.00 4.84 4.34 3.53 2.47 1.24 -0.08 -1.39 -2.61 -3.64 -4.42 -4.88 -4.99 -4.76 -4.19 -3.32 -2.22 -0.96 0.37 1.67 2.85 3.84 4.55 4.93 4.97 4.66 4.02 3.09 1.95 ;4.81 5.00 4.84 4.34 3.53 2.47 1.24 -0.08 -1.39 -2.61 -3.64 -4.42 -4.88 -4.99 -4.76 -4.19 -3.32 -2.22 -0.96 0.37 1.67 2.85 3.84 4.55 4.93 4.97 4.66 4.02 3.09 1.95 ;4.81 5.00 4.84 4.34 3.53 2.47 1.24 -0.08 -1.39 -2.61 -3.64 -4.42 -4.88 -4.99 -4.76 -4.19 -3.32 -2.22 -0.96 0.37 1.67 2.85 3.84 4.55 4.93 4.97 4.66 4.02 3.09 1.95 ;4.81 5.00 4.84 4.34 3.53 2.47 1.24 -0.08 -1.39 -2.61 -3.64 -4.42 -4.88 -4.99 -4.76 -4.19 -3.32 -2.22 -0.96 0.37 1.67 2.85 3.84 4.55 4.93 4.97 4.66 4.02 3.09 1.95 ;4.81 5.00 4.84 4.34 3.53 2.47 1.24 -0.08 -1.39 -2.61 -3.64 -4.42 -4.88 -4.99 -4.76 -4.19 -3.32 -2.22 -0.96 0.37 1.67 2.85 3.84 4.55 4.93 4.97 4.66 4.02 3.09 1.95 ;4.81 5.00 4.84 4.34 3.53 2.47 1.24 -0.08 -1.39 -2.61 -3.64 -4.42 -4.88 -4.99 -4.76 -4.19 -3.32 -2.22 -0.96 0.37 1.67 2.85 3.84 4.55 4.93 4.97 4.66 4.02 3.09 1.95 ;4.81 5.00 4.84 4.34 3.53 2.47 1.24 -0.08 -1.39 -2.61 -3.64 -4.42 -4.88 -4.99 -4.76 -4.19 -3.32 -2.22 -0.96 0.37 1.67 2.85 3.84 4.55 4.93 4.97 4.66 4.02 3.09 1.95 ;4.81 5.00 4.84 4.34 3.53 2.47 1.24 -0.08 -1.39 -2.61 -3.64 -4.42 -4.88 -4.99 -4.76 -4.19 -3.32 -2.22 -0.96 0.37 1.67 2.85 3.84 4.55 4.93 4.97 4.66 4.02 3.09 1.95 ;4.81 5.00 4.84 4.34 3.53 2.47 1.24 -0.08 -1.39 -2.61 -3.64 -4.42 -4.88 -4.99 -4.76 -4.19 -3.32 -2.22 -0.96 0.37 1.67 2.85 3.84 4.55 4.93 4.97 4.66 4.02 3.09 1.95 ;4.81 5.00 4.84 4.34 3.53 2.47 1.24 -0.08 -1.39 -2.61 -3.64 -4.42 -4.88 -4.99 -4.76 -4.19 -3.32 -2.22 -0.96 0.37 1.67 2.85 3.84 4.55 4.93 4.97 4.66 4.02 3.09 1.95 ;4.81 5.00 4.84 4.34 3.53 2.47 1.24 -0.08 -1.39 -2.61 -3.64 -4.42 -4.88 -4.99 -4.76 -4.19 -3.32 -2.22 -0.96 0.37 1.67 2.85 3.84 4.55 4.93 4.97 4.66 4.02 3.09 1.95 ;4.81 5.00 4.84 4.34 3.53 2.47 1.24 -0.08 -1.39 -2.61 -3.64 -4.42 -4.88 -4.99 -4.76 -4.19 -3.32 -2.22 -0.96 0.37 1.67 2.85 3.84 4.55 4.93 4.97 4.66 4.02 3.09 1.95 ;4.81 5.00 4.84 4.34 3.53 2.47 1.24 -0.08 -1.39 -2.61 -3.64 -4.42 -4.88 -4.99 -4.76 -4.19 -3.32 -2.22 -0.96 0.37 1.67 2.85 3.84 4.55 4.93 4.97 4.66 4.02 3.09 1.95 ;4.81 5.00 4.84 4.34 3.53 2.47 1.24 -0.08 -1.39 -2.61 -3.64 -4.42 -4.88 -4.99 -4.76 -4.19 -3.32 -2.22 -0.96 0.37 1.67 2.85 3.84 4.55 4.93 4.97 4.66 4.02 3.09 1.95 ;4.81 5.00 4.84 4.34 3.53 2.47 1.24 -0.08 -1.39 -2.61 -3.64 -4.42 -4.88 -4.99 -4.76 -4.19 -3.32 -2.22 -0.96 0.37 1.67 2.85 3.84 4.55 4.93 4.97 4.66 4.02 3.09 1.95 ;4.81 5.00 4.84 4.34 3.53 2.47 1.24 -0.08 -1.39 -2.61 -3.64 -4.42 -4.88 -4.99 -4.76 -4.19 -3.32 -2.22 -0.96 0.37 1.67 2.85 3.84 4.55 4.93 4.97 4.66 4.02 3.09 1.95 ;4.81 5.00 4.84 4.34 3.53 2.47 1.24 -0.08 -1.39 -2.61 -3.64 -4.42 -4.88 -4.99 -4.76 -4.19 -3.32 -2.22 -0.96 0.37 1.67 2.85 3.84 4.55 4.93 4.97 4.66 4.02 3.09 1.95 ;4.81 5.00 4.84 4.34 3.53 2.47 1.24 -0.08 -1.39 -2.61 -3.64 -4.42 -4.88 -4.99 -4.76 -4.19 -3.32 -2.22 -0.96 0.37 1.67 2.85 3.84 4.55 4.93 4.97 4.66 4.02 3.09 1.95 ;4.81 5.00 4.84 4.34 3.53 2.47 1.24 -0.08 -1.39 -2.61 -3.64 -4.42 -4.88 -4.99 -4.76 -4.19 -3.32 -2.22 -0.96 0.37 1.67 2.85 3.84 4.55 4.93 4.97 4.66 4.02 3.09 1.95 ;4.81 5.00 4.84 4.34 3.53 2.47 1.24 -0.08 -1.39 -2.61 -3.64 -4.42 -4.88 -4.99 -4.76 -4.19 -3.32 -2.22 -0.96 0.37 1.67 2.85 3.84 4.55 4.93 4.97 4.66 4.02 3.09 1.95 ;4.81 5.00 4.84 4.34 3.53 2.47 1.24 -0.08 -1.39 -2.61 -3.64 -4.42 -4.88 -4.99 -4.76 -4.19 -3.32 -2.22 -0.96 0.37 1.67 2.85 3.84 4.55 4.93 4.97 4.66 4.02 3.09 1.95 ;4.81 5.00 4.84 4.34 3.53 2.47 1.24 -0.08 -1.39 -2.61 -3.64 -4.42 -4.88 -4.99 -4.76 -4.19 -3.32 -2.22 -0.96 0.37 1.67 2.85 3.84 4.55 4.93 4.97 4.66 4.02 3.09 1.95 ;4.81 5.00 4.84 4.34 3.53 2.47 1.24 -0.08 -1.39 -2.61 -3.64 -4.42 -4.88 -4.99 -4.76 -4.19 -3.32 -2.22 -0.96 0.37 1.67 2.85 3.84 4.55 4.93 4.97 4.66 4.02 3.09 1.95 ;4.81 5.00 4.84 4.34 3.53 2.47 1.24 -0.08 -1.39 -2.61 -3.64 -4.42 -4.88 -4.99 -4.76 -4.19 -3.32 -2.22 -0.96 0.37 1.67 2.85 3.84 4.55 4.93 4.97 4.66 4.02 3.09 1.95 ;4.81 5.00 4.84 4.34 3.53 2.47 1.24 -0.08 -1.39 -2.61 -3.64 -4.42 -4.88 -4.99 -4.76 -4.19 -3.32 -2.22 -0.96 0.37 1.67 2.85 3.84 4.55 4.93 4.97 4.66 4.02 3.09 1.95 ;4.81 5.00 4.84 4.34 3.53 2.47 1.24 -0.08 -1.39 -2.61 -3.64 -4.42 -4.88 -4.99 -4.76 -4.19 -3.32 -2.22 -0.96 0.37 1.67 2.85 3.84 4.55 4.93 4.97 4.66 4.02 3.09 1.95 ;];
