u75 = [3.66 4.43 4.88 4.99 4.75 4.17 3.30 2.19 0.93 -0.40 -1.70 -2.87 -3.85 -4.56 -4.94 -4.97 -4.65 -4.01 -3.08 -1.93 -0.64 0.69 1.97 3.11 4.03 4.67 4.98 4.93 4.54 3.82 ;3.66 4.43 4.88 4.99 4.75 4.17 3.30 2.19 0.93 -0.40 -1.70 -2.87 -3.85 -4.56 -4.94 -4.97 -4.65 -4.01 -3.08 -1.93 -0.64 0.69 1.97 3.11 4.03 4.67 4.98 4.93 4.54 3.82 ;3.66 4.43 4.88 4.99 4.75 4.17 3.30 2.19 0.93 -0.40 -1.70 -2.87 -3.85 -4.56 -4.94 -4.97 -4.65 -4.01 -3.08 -1.93 -0.64 0.69 1.97 3.11 4.03 4.67 4.98 4.93 4.54 3.82 ;3.66 4.43 4.88 4.99 4.75 4.17 3.30 2.19 0.93 -0.40 -1.70 -2.87 -3.85 -4.56 -4.94 -4.97 -4.65 -4.01 -3.08 -1.93 -0.64 0.69 1.97 3.11 4.03 4.67 4.98 4.93 4.54 3.82 ;3.66 4.43 4.88 4.99 4.75 4.17 3.30 2.19 0.93 -0.40 -1.70 -2.87 -3.85 -4.56 -4.94 -4.97 -4.65 -4.01 -3.08 -1.93 -0.64 0.69 1.97 3.11 4.03 4.67 4.98 4.93 4.54 3.82 ;3.66 4.43 4.88 4.99 4.75 4.17 3.30 2.19 0.93 -0.40 -1.70 -2.87 -3.85 -4.56 -4.94 -4.97 -4.65 -4.01 -3.08 -1.93 -0.64 0.69 1.97 3.11 4.03 4.67 4.98 4.93 4.54 3.82 ;3.66 4.43 4.88 4.99 4.75 4.17 3.30 2.19 0.93 -0.40 -1.70 -2.87 -3.85 -4.56 -4.94 -4.97 -4.65 -4.01 -3.08 -1.93 -0.64 0.69 1.97 3.11 4.03 4.67 4.98 4.93 4.54 3.82 ;3.66 4.43 4.88 4.99 4.75 4.17 3.30 2.19 0.93 -0.40 -1.70 -2.87 -3.85 -4.56 -4.94 -4.97 -4.65 -4.01 -3.08 -1.93 -0.64 0.69 1.97 3.11 4.03 4.67 4.98 4.93 4.54 3.82 ;3.66 4.43 4.88 4.99 4.75 4.17 3.30 2.19 0.93 -0.40 -1.70 -2.87 -3.85 -4.56 -4.94 -4.97 -4.65 -4.01 -3.08 -1.93 -0.64 0.69 1.97 3.11 4.03 4.67 4.98 4.93 4.54 3.82 ;3.66 4.43 4.88 4.99 4.75 4.17 3.30 2.19 0.93 -0.40 -1.70 -2.87 -3.85 -4.56 -4.94 -4.97 -4.65 -4.01 -3.08 -1.93 -0.64 0.69 1.97 3.11 4.03 4.67 4.98 4.93 4.54 3.82 ;3.66 4.43 4.88 4.99 4.75 4.17 3.30 2.19 0.93 -0.40 -1.70 -2.87 -3.85 -4.56 -4.94 -4.97 -4.65 -4.01 -3.08 -1.93 -0.64 0.69 1.97 3.11 4.03 4.67 4.98 4.93 4.54 3.82 ;3.66 4.43 4.88 4.99 4.75 4.17 3.30 2.19 0.93 -0.40 -1.70 -2.87 -3.85 -4.56 -4.94 -4.97 -4.65 -4.01 -3.08 -1.93 -0.64 0.69 1.97 3.11 4.03 4.67 4.98 4.93 4.54 3.82 ;3.66 4.43 4.88 4.99 4.75 4.17 3.30 2.19 0.93 -0.40 -1.70 -2.87 -3.85 -4.56 -4.94 -4.97 -4.65 -4.01 -3.08 -1.93 -0.64 0.69 1.97 3.11 4.03 4.67 4.98 4.93 4.54 3.82 ;3.66 4.43 4.88 4.99 4.75 4.17 3.30 2.19 0.93 -0.40 -1.70 -2.87 -3.85 -4.56 -4.94 -4.97 -4.65 -4.01 -3.08 -1.93 -0.64 0.69 1.97 3.11 4.03 4.67 4.98 4.93 4.54 3.82 ;3.66 4.43 4.88 4.99 4.75 4.17 3.30 2.19 0.93 -0.40 -1.70 -2.87 -3.85 -4.56 -4.94 -4.97 -4.65 -4.01 -3.08 -1.93 -0.64 0.69 1.97 3.11 4.03 4.67 4.98 4.93 4.54 3.82 ;3.66 4.43 4.88 4.99 4.75 4.17 3.30 2.19 0.93 -0.40 -1.70 -2.87 -3.85 -4.56 -4.94 -4.97 -4.65 -4.01 -3.08 -1.93 -0.64 0.69 1.97 3.11 4.03 4.67 4.98 4.93 4.54 3.82 ;3.66 4.43 4.88 4.99 4.75 4.17 3.30 2.19 0.93 -0.40 -1.70 -2.87 -3.85 -4.56 -4.94 -4.97 -4.65 -4.01 -3.08 -1.93 -0.64 0.69 1.97 3.11 4.03 4.67 4.98 4.93 4.54 3.82 ;3.66 4.43 4.88 4.99 4.75 4.17 3.30 2.19 0.93 -0.40 -1.70 -2.87 -3.85 -4.56 -4.94 -4.97 -4.65 -4.01 -3.08 -1.93 -0.64 0.69 1.97 3.11 4.03 4.67 4.98 4.93 4.54 3.82 ;3.66 4.43 4.88 4.99 4.75 4.17 3.30 2.19 0.93 -0.40 -1.70 -2.87 -3.85 -4.56 -4.94 -4.97 -4.65 -4.01 -3.08 -1.93 -0.64 0.69 1.97 3.11 4.03 4.67 4.98 4.93 4.54 3.82 ;3.66 4.43 4.88 4.99 4.75 4.17 3.30 2.19 0.93 -0.40 -1.70 -2.87 -3.85 -4.56 -4.94 -4.97 -4.65 -4.01 -3.08 -1.93 -0.64 0.69 1.97 3.11 4.03 4.67 4.98 4.93 4.54 3.82 ;3.66 4.43 4.88 4.99 4.75 4.17 3.30 2.19 0.93 -0.40 -1.70 -2.87 -3.85 -4.56 -4.94 -4.97 -4.65 -4.01 -3.08 -1.93 -0.64 0.69 1.97 3.11 4.03 4.67 4.98 4.93 4.54 3.82 ;3.66 4.43 4.88 4.99 4.75 4.17 3.30 2.19 0.93 -0.40 -1.70 -2.87 -3.85 -4.56 -4.94 -4.97 -4.65 -4.01 -3.08 -1.93 -0.64 0.69 1.97 3.11 4.03 4.67 4.98 4.93 4.54 3.82 ;3.66 4.43 4.88 4.99 4.75 4.17 3.30 2.19 0.93 -0.40 -1.70 -2.87 -3.85 -4.56 -4.94 -4.97 -4.65 -4.01 -3.08 -1.93 -0.64 0.69 1.97 3.11 4.03 4.67 4.98 4.93 4.54 3.82 ;3.66 4.43 4.88 4.99 4.75 4.17 3.30 2.19 0.93 -0.40 -1.70 -2.87 -3.85 -4.56 -4.94 -4.97 -4.65 -4.01 -3.08 -1.93 -0.64 0.69 1.97 3.11 4.03 4.67 4.98 4.93 4.54 3.82 ;3.66 4.43 4.88 4.99 4.75 4.17 3.30 2.19 0.93 -0.40 -1.70 -2.87 -3.85 -4.56 -4.94 -4.97 -4.65 -4.01 -3.08 -1.93 -0.64 0.69 1.97 3.11 4.03 4.67 4.98 4.93 4.54 3.82 ;3.66 4.43 4.88 4.99 4.75 4.17 3.30 2.19 0.93 -0.40 -1.70 -2.87 -3.85 -4.56 -4.94 -4.97 -4.65 -4.01 -3.08 -1.93 -0.64 0.69 1.97 3.11 4.03 4.67 4.98 4.93 4.54 3.82 ;3.66 4.43 4.88 4.99 4.75 4.17 3.30 2.19 0.93 -0.40 -1.70 -2.87 -3.85 -4.56 -4.94 -4.97 -4.65 -4.01 -3.08 -1.93 -0.64 0.69 1.97 3.11 4.03 4.67 4.98 4.93 4.54 3.82 ;3.66 4.43 4.88 4.99 4.75 4.17 3.30 2.19 0.93 -0.40 -1.70 -2.87 -3.85 -4.56 -4.94 -4.97 -4.65 -4.01 -3.08 -1.93 -0.64 0.69 1.97 3.11 4.03 4.67 4.98 4.93 4.54 3.82 ;3.66 4.43 4.88 4.99 4.75 4.17 3.30 2.19 0.93 -0.40 -1.70 -2.87 -3.85 -4.56 -4.94 -4.97 -4.65 -4.01 -3.08 -1.93 -0.64 0.69 1.97 3.11 4.03 4.67 4.98 4.93 4.54 3.82 ;3.66 4.43 4.88 4.99 4.75 4.17 3.30 2.19 0.93 -0.40 -1.70 -2.87 -3.85 -4.56 -4.94 -4.97 -4.65 -4.01 -3.08 -1.93 -0.64 0.69 1.97 3.11 4.03 4.67 4.98 4.93 4.54 3.82 ;];
