u = [0.35 2.27 3.82 4.78 4.98 4.39 3.11 1.34 -0.64 -2.52 -4.01 -4.85 -4.94 -4.24 -2.87 -1.05 0.93 2.77 4.17 4.92 ;0.35 2.27 3.82 4.78 4.98 4.39 3.11 1.34 -0.64 -2.52 -4.01 -4.85 -4.94 -4.24 -2.87 -1.05 0.93 2.77 4.17 4.92 ;0.35 2.27 3.82 4.78 4.98 4.39 3.11 1.34 -0.64 -2.52 -4.01 -4.85 -4.94 -4.24 -2.87 -1.05 0.93 2.77 4.17 4.92 ;0.35 2.27 3.82 4.78 4.98 4.39 3.11 1.34 -0.64 -2.52 -4.01 -4.85 -4.94 -4.24 -2.87 -1.05 0.93 2.77 4.17 4.92 ;0.35 2.27 3.82 4.78 4.98 4.39 3.11 1.34 -0.64 -2.52 -4.01 -4.85 -4.94 -4.24 -2.87 -1.05 0.93 2.77 4.17 4.92 ;0.35 2.27 3.82 4.78 4.98 4.39 3.11 1.34 -0.64 -2.52 -4.01 -4.85 -4.94 -4.24 -2.87 -1.05 0.93 2.77 4.17 4.92 ;0.35 2.27 3.82 4.78 4.98 4.39 3.11 1.34 -0.64 -2.52 -4.01 -4.85 -4.94 -4.24 -2.87 -1.05 0.93 2.77 4.17 4.92 ;0.35 2.27 3.82 4.78 4.98 4.39 3.11 1.34 -0.64 -2.52 -4.01 -4.85 -4.94 -4.24 -2.87 -1.05 0.93 2.77 4.17 4.92 ;0.35 2.27 3.82 4.78 4.98 4.39 3.11 1.34 -0.64 -2.52 -4.01 -4.85 -4.94 -4.24 -2.87 -1.05 0.93 2.77 4.17 4.92 ;0.35 2.27 3.82 4.78 4.98 4.39 3.11 1.34 -0.64 -2.52 -4.01 -4.85 -4.94 -4.24 -2.87 -1.05 0.93 2.77 4.17 4.92 ;0.35 2.27 3.82 4.78 4.98 4.39 3.11 1.34 -0.64 -2.52 -4.01 -4.85 -4.94 -4.24 -2.87 -1.05 0.93 2.77 4.17 4.92 ;0.35 2.27 3.82 4.78 4.98 4.39 3.11 1.34 -0.64 -2.52 -4.01 -4.85 -4.94 -4.24 -2.87 -1.05 0.93 2.77 4.17 4.92 ;0.35 2.27 3.82 4.78 4.98 4.39 3.11 1.34 -0.64 -2.52 -4.01 -4.85 -4.94 -4.24 -2.87 -1.05 0.93 2.77 4.17 4.92 ;0.35 2.27 3.82 4.78 4.98 4.39 3.11 1.34 -0.64 -2.52 -4.01 -4.85 -4.94 -4.24 -2.87 -1.05 0.93 2.77 4.17 4.92 ;0.35 2.27 3.82 4.78 4.98 4.39 3.11 1.34 -0.64 -2.52 -4.01 -4.85 -4.94 -4.24 -2.87 -1.05 0.93 2.77 4.17 4.92 ;0.35 2.27 3.82 4.78 4.98 4.39 3.11 1.34 -0.64 -2.52 -4.01 -4.85 -4.94 -4.24 -2.87 -1.05 0.93 2.77 4.17 4.92 ;0.35 2.27 3.82 4.78 4.98 4.39 3.11 1.34 -0.64 -2.52 -4.01 -4.85 -4.94 -4.24 -2.87 -1.05 0.93 2.77 4.17 4.92 ;0.35 2.27 3.82 4.78 4.98 4.39 3.11 1.34 -0.64 -2.52 -4.01 -4.85 -4.94 -4.24 -2.87 -1.05 0.93 2.77 4.17 4.92 ;0.35 2.27 3.82 4.78 4.98 4.39 3.11 1.34 -0.64 -2.52 -4.01 -4.85 -4.94 -4.24 -2.87 -1.05 0.93 2.77 4.17 4.92 ;0.35 2.27 3.82 4.78 4.98 4.39 3.11 1.34 -0.64 -2.52 -4.01 -4.85 -4.94 -4.24 -2.87 -1.05 0.93 2.77 4.17 4.92 ;];
v = [0.28 1.81 3.06 3.82 3.98 3.51 2.49 1.07 -0.52 -2.02 -3.20 -3.88 -3.95 -3.39 -2.30 -0.84 0.75 2.22 3.34 3.93 ;0.28 1.81 3.06 3.82 3.98 3.51 2.49 1.07 -0.52 -2.02 -3.20 -3.88 -3.95 -3.39 -2.30 -0.84 0.75 2.22 3.34 3.93 ;0.28 1.81 3.06 3.82 3.98 3.51 2.49 1.07 -0.52 -2.02 -3.20 -3.88 -3.95 -3.39 -2.30 -0.84 0.75 2.22 3.34 3.93 ;0.28 1.81 3.06 3.82 3.98 3.51 2.49 1.07 -0.52 -2.02 -3.20 -3.88 -3.95 -3.39 -2.30 -0.84 0.75 2.22 3.34 3.93 ;0.28 1.81 3.06 3.82 3.98 3.51 2.49 1.07 -0.52 -2.02 -3.20 -3.88 -3.95 -3.39 -2.30 -0.84 0.75 2.22 3.34 3.93 ;0.28 1.81 3.06 3.82 3.98 3.51 2.49 1.07 -0.52 -2.02 -3.20 -3.88 -3.95 -3.39 -2.30 -0.84 0.75 2.22 3.34 3.93 ;0.28 1.81 3.06 3.82 3.98 3.51 2.49 1.07 -0.52 -2.02 -3.20 -3.88 -3.95 -3.39 -2.30 -0.84 0.75 2.22 3.34 3.93 ;0.28 1.81 3.06 3.82 3.98 3.51 2.49 1.07 -0.52 -2.02 -3.20 -3.88 -3.95 -3.39 -2.30 -0.84 0.75 2.22 3.34 3.93 ;0.28 1.81 3.06 3.82 3.98 3.51 2.49 1.07 -0.52 -2.02 -3.20 -3.88 -3.95 -3.39 -2.30 -0.84 0.75 2.22 3.34 3.93 ;0.28 1.81 3.06 3.82 3.98 3.51 2.49 1.07 -0.52 -2.02 -3.20 -3.88 -3.95 -3.39 -2.30 -0.84 0.75 2.22 3.34 3.93 ;0.28 1.81 3.06 3.82 3.98 3.51 2.49 1.07 -0.52 -2.02 -3.20 -3.88 -3.95 -3.39 -2.30 -0.84 0.75 2.22 3.34 3.93 ;0.28 1.81 3.06 3.82 3.98 3.51 2.49 1.07 -0.52 -2.02 -3.20 -3.88 -3.95 -3.39 -2.30 -0.84 0.75 2.22 3.34 3.93 ;0.28 1.81 3.06 3.82 3.98 3.51 2.49 1.07 -0.52 -2.02 -3.20 -3.88 -3.95 -3.39 -2.30 -0.84 0.75 2.22 3.34 3.93 ;0.28 1.81 3.06 3.82 3.98 3.51 2.49 1.07 -0.52 -2.02 -3.20 -3.88 -3.95 -3.39 -2.30 -0.84 0.75 2.22 3.34 3.93 ;0.28 1.81 3.06 3.82 3.98 3.51 2.49 1.07 -0.52 -2.02 -3.20 -3.88 -3.95 -3.39 -2.30 -0.84 0.75 2.22 3.34 3.93 ;0.28 1.81 3.06 3.82 3.98 3.51 2.49 1.07 -0.52 -2.02 -3.20 -3.88 -3.95 -3.39 -2.30 -0.84 0.75 2.22 3.34 3.93 ;0.28 1.81 3.06 3.82 3.98 3.51 2.49 1.07 -0.52 -2.02 -3.20 -3.88 -3.95 -3.39 -2.30 -0.84 0.75 2.22 3.34 3.93 ;0.28 1.81 3.06 3.82 3.98 3.51 2.49 1.07 -0.52 -2.02 -3.20 -3.88 -3.95 -3.39 -2.30 -0.84 0.75 2.22 3.34 3.93 ;0.28 1.81 3.06 3.82 3.98 3.51 2.49 1.07 -0.52 -2.02 -3.20 -3.88 -3.95 -3.39 -2.30 -0.84 0.75 2.22 3.34 3.93 ;0.28 1.81 3.06 3.82 3.98 3.51 2.49 1.07 -0.52 -2.02 -3.20 -3.88 -3.95 -3.39 -2.30 -0.84 0.75 2.22 3.34 3.93 ;];
x = [0.00 0.05 0.10 0.15 0.20 0.25 0.30 0.35 0.40 0.45 0.50 0.55 0.60 0.65 0.70 0.75 0.80 0.85 0.90 0.95 ;0.00 0.05 0.10 0.15 0.20 0.25 0.30 0.35 0.40 0.45 0.50 0.55 0.60 0.65 0.70 0.75 0.80 0.85 0.90 0.95 ;0.00 0.05 0.10 0.15 0.20 0.25 0.30 0.35 0.40 0.45 0.50 0.55 0.60 0.65 0.70 0.75 0.80 0.85 0.90 0.95 ;0.00 0.05 0.10 0.15 0.20 0.25 0.30 0.35 0.40 0.45 0.50 0.55 0.60 0.65 0.70 0.75 0.80 0.85 0.90 0.95 ;0.00 0.05 0.10 0.15 0.20 0.25 0.30 0.35 0.40 0.45 0.50 0.55 0.60 0.65 0.70 0.75 0.80 0.85 0.90 0.95 ;0.00 0.05 0.10 0.15 0.20 0.25 0.30 0.35 0.40 0.45 0.50 0.55 0.60 0.65 0.70 0.75 0.80 0.85 0.90 0.95 ;0.00 0.05 0.10 0.15 0.20 0.25 0.30 0.35 0.40 0.45 0.50 0.55 0.60 0.65 0.70 0.75 0.80 0.85 0.90 0.95 ;0.00 0.05 0.10 0.15 0.20 0.25 0.30 0.35 0.40 0.45 0.50 0.55 0.60 0.65 0.70 0.75 0.80 0.85 0.90 0.95 ;0.00 0.05 0.10 0.15 0.20 0.25 0.30 0.35 0.40 0.45 0.50 0.55 0.60 0.65 0.70 0.75 0.80 0.85 0.90 0.95 ;0.00 0.05 0.10 0.15 0.20 0.25 0.30 0.35 0.40 0.45 0.50 0.55 0.60 0.65 0.70 0.75 0.80 0.85 0.90 0.95 ;0.00 0.05 0.10 0.15 0.20 0.25 0.30 0.35 0.40 0.45 0.50 0.55 0.60 0.65 0.70 0.75 0.80 0.85 0.90 0.95 ;0.00 0.05 0.10 0.15 0.20 0.25 0.30 0.35 0.40 0.45 0.50 0.55 0.60 0.65 0.70 0.75 0.80 0.85 0.90 0.95 ;0.00 0.05 0.10 0.15 0.20 0.25 0.30 0.35 0.40 0.45 0.50 0.55 0.60 0.65 0.70 0.75 0.80 0.85 0.90 0.95 ;0.00 0.05 0.10 0.15 0.20 0.25 0.30 0.35 0.40 0.45 0.50 0.55 0.60 0.65 0.70 0.75 0.80 0.85 0.90 0.95 ;0.00 0.05 0.10 0.15 0.20 0.25 0.30 0.35 0.40 0.45 0.50 0.55 0.60 0.65 0.70 0.75 0.80 0.85 0.90 0.95 ;0.00 0.05 0.10 0.15 0.20 0.25 0.30 0.35 0.40 0.45 0.50 0.55 0.60 0.65 0.70 0.75 0.80 0.85 0.90 0.95 ;0.00 0.05 0.10 0.15 0.20 0.25 0.30 0.35 0.40 0.45 0.50 0.55 0.60 0.65 0.70 0.75 0.80 0.85 0.90 0.95 ;0.00 0.05 0.10 0.15 0.20 0.25 0.30 0.35 0.40 0.45 0.50 0.55 0.60 0.65 0.70 0.75 0.80 0.85 0.90 0.95 ;0.00 0.05 0.10 0.15 0.20 0.25 0.30 0.35 0.40 0.45 0.50 0.55 0.60 0.65 0.70 0.75 0.80 0.85 0.90 0.95 ;0.00 0.05 0.10 0.15 0.20 0.25 0.30 0.35 0.40 0.45 0.50 0.55 0.60 0.65 0.70 0.75 0.80 0.85 0.90 0.95 ;];
