u21 = [4.89 4.99 4.74 4.15 3.27 2.16 0.90 -0.43 -1.73 -2.90 -3.87 -4.57 -4.94 -4.97 -4.64 -3.99 -3.05 -1.90 -0.61 0.72 2.00 3.13 4.05 4.68 4.98 4.92 4.52 3.80 2.81 1.62 ;4.89 4.99 4.74 4.15 3.27 2.16 0.90 -0.43 -1.73 -2.90 -3.87 -4.57 -4.94 -4.97 -4.64 -3.99 -3.05 -1.90 -0.61 0.72 2.00 3.13 4.05 4.68 4.98 4.92 4.52 3.80 2.81 1.62 ;4.89 4.99 4.74 4.15 3.27 2.16 0.90 -0.43 -1.73 -2.90 -3.87 -4.57 -4.94 -4.97 -4.64 -3.99 -3.05 -1.90 -0.61 0.72 2.00 3.13 4.05 4.68 4.98 4.92 4.52 3.80 2.81 1.62 ;4.89 4.99 4.74 4.15 3.27 2.16 0.90 -0.43 -1.73 -2.90 -3.87 -4.57 -4.94 -4.97 -4.64 -3.99 -3.05 -1.90 -0.61 0.72 2.00 3.13 4.05 4.68 4.98 4.92 4.52 3.80 2.81 1.62 ;4.89 4.99 4.74 4.15 3.27 2.16 0.90 -0.43 -1.73 -2.90 -3.87 -4.57 -4.94 -4.97 -4.64 -3.99 -3.05 -1.90 -0.61 0.72 2.00 3.13 4.05 4.68 4.98 4.92 4.52 3.80 2.81 1.62 ;4.89 4.99 4.74 4.15 3.27 2.16 0.90 -0.43 -1.73 -2.90 -3.87 -4.57 -4.94 -4.97 -4.64 -3.99 -3.05 -1.90 -0.61 0.72 2.00 3.13 4.05 4.68 4.98 4.92 4.52 3.80 2.81 1.62 ;4.89 4.99 4.74 4.15 3.27 2.16 0.90 -0.43 -1.73 -2.90 -3.87 -4.57 -4.94 -4.97 -4.64 -3.99 -3.05 -1.90 -0.61 0.72 2.00 3.13 4.05 4.68 4.98 4.92 4.52 3.80 2.81 1.62 ;4.89 4.99 4.74 4.15 3.27 2.16 0.90 -0.43 -1.73 -2.90 -3.87 -4.57 -4.94 -4.97 -4.64 -3.99 -3.05 -1.90 -0.61 0.72 2.00 3.13 4.05 4.68 4.98 4.92 4.52 3.80 2.81 1.62 ;4.89 4.99 4.74 4.15 3.27 2.16 0.90 -0.43 -1.73 -2.90 -3.87 -4.57 -4.94 -4.97 -4.64 -3.99 -3.05 -1.90 -0.61 0.72 2.00 3.13 4.05 4.68 4.98 4.92 4.52 3.80 2.81 1.62 ;4.89 4.99 4.74 4.15 3.27 2.16 0.90 -0.43 -1.73 -2.90 -3.87 -4.57 -4.94 -4.97 -4.64 -3.99 -3.05 -1.90 -0.61 0.72 2.00 3.13 4.05 4.68 4.98 4.92 4.52 3.80 2.81 1.62 ;4.89 4.99 4.74 4.15 3.27 2.16 0.90 -0.43 -1.73 -2.90 -3.87 -4.57 -4.94 -4.97 -4.64 -3.99 -3.05 -1.90 -0.61 0.72 2.00 3.13 4.05 4.68 4.98 4.92 4.52 3.80 2.81 1.62 ;4.89 4.99 4.74 4.15 3.27 2.16 0.90 -0.43 -1.73 -2.90 -3.87 -4.57 -4.94 -4.97 -4.64 -3.99 -3.05 -1.90 -0.61 0.72 2.00 3.13 4.05 4.68 4.98 4.92 4.52 3.80 2.81 1.62 ;4.89 4.99 4.74 4.15 3.27 2.16 0.90 -0.43 -1.73 -2.90 -3.87 -4.57 -4.94 -4.97 -4.64 -3.99 -3.05 -1.90 -0.61 0.72 2.00 3.13 4.05 4.68 4.98 4.92 4.52 3.80 2.81 1.62 ;4.89 4.99 4.74 4.15 3.27 2.16 0.90 -0.43 -1.73 -2.90 -3.87 -4.57 -4.94 -4.97 -4.64 -3.99 -3.05 -1.90 -0.61 0.72 2.00 3.13 4.05 4.68 4.98 4.92 4.52 3.80 2.81 1.62 ;4.89 4.99 4.74 4.15 3.27 2.16 0.90 -0.43 -1.73 -2.90 -3.87 -4.57 -4.94 -4.97 -4.64 -3.99 -3.05 -1.90 -0.61 0.72 2.00 3.13 4.05 4.68 4.98 4.92 4.52 3.80 2.81 1.62 ;4.89 4.99 4.74 4.15 3.27 2.16 0.90 -0.43 -1.73 -2.90 -3.87 -4.57 -4.94 -4.97 -4.64 -3.99 -3.05 -1.90 -0.61 0.72 2.00 3.13 4.05 4.68 4.98 4.92 4.52 3.80 2.81 1.62 ;4.89 4.99 4.74 4.15 3.27 2.16 0.90 -0.43 -1.73 -2.90 -3.87 -4.57 -4.94 -4.97 -4.64 -3.99 -3.05 -1.90 -0.61 0.72 2.00 3.13 4.05 4.68 4.98 4.92 4.52 3.80 2.81 1.62 ;4.89 4.99 4.74 4.15 3.27 2.16 0.90 -0.43 -1.73 -2.90 -3.87 -4.57 -4.94 -4.97 -4.64 -3.99 -3.05 -1.90 -0.61 0.72 2.00 3.13 4.05 4.68 4.98 4.92 4.52 3.80 2.81 1.62 ;4.89 4.99 4.74 4.15 3.27 2.16 0.90 -0.43 -1.73 -2.90 -3.87 -4.57 -4.94 -4.97 -4.64 -3.99 -3.05 -1.90 -0.61 0.72 2.00 3.13 4.05 4.68 4.98 4.92 4.52 3.80 2.81 1.62 ;4.89 4.99 4.74 4.15 3.27 2.16 0.90 -0.43 -1.73 -2.90 -3.87 -4.57 -4.94 -4.97 -4.64 -3.99 -3.05 -1.90 -0.61 0.72 2.00 3.13 4.05 4.68 4.98 4.92 4.52 3.80 2.81 1.62 ;4.89 4.99 4.74 4.15 3.27 2.16 0.90 -0.43 -1.73 -2.90 -3.87 -4.57 -4.94 -4.97 -4.64 -3.99 -3.05 -1.90 -0.61 0.72 2.00 3.13 4.05 4.68 4.98 4.92 4.52 3.80 2.81 1.62 ;4.89 4.99 4.74 4.15 3.27 2.16 0.90 -0.43 -1.73 -2.90 -3.87 -4.57 -4.94 -4.97 -4.64 -3.99 -3.05 -1.90 -0.61 0.72 2.00 3.13 4.05 4.68 4.98 4.92 4.52 3.80 2.81 1.62 ;4.89 4.99 4.74 4.15 3.27 2.16 0.90 -0.43 -1.73 -2.90 -3.87 -4.57 -4.94 -4.97 -4.64 -3.99 -3.05 -1.90 -0.61 0.72 2.00 3.13 4.05 4.68 4.98 4.92 4.52 3.80 2.81 1.62 ;4.89 4.99 4.74 4.15 3.27 2.16 0.90 -0.43 -1.73 -2.90 -3.87 -4.57 -4.94 -4.97 -4.64 -3.99 -3.05 -1.90 -0.61 0.72 2.00 3.13 4.05 4.68 4.98 4.92 4.52 3.80 2.81 1.62 ;4.89 4.99 4.74 4.15 3.27 2.16 0.90 -0.43 -1.73 -2.90 -3.87 -4.57 -4.94 -4.97 -4.64 -3.99 -3.05 -1.90 -0.61 0.72 2.00 3.13 4.05 4.68 4.98 4.92 4.52 3.80 2.81 1.62 ;4.89 4.99 4.74 4.15 3.27 2.16 0.90 -0.43 -1.73 -2.90 -3.87 -4.57 -4.94 -4.97 -4.64 -3.99 -3.05 -1.90 -0.61 0.72 2.00 3.13 4.05 4.68 4.98 4.92 4.52 3.80 2.81 1.62 ;4.89 4.99 4.74 4.15 3.27 2.16 0.90 -0.43 -1.73 -2.90 -3.87 -4.57 -4.94 -4.97 -4.64 -3.99 -3.05 -1.90 -0.61 0.72 2.00 3.13 4.05 4.68 4.98 4.92 4.52 3.80 2.81 1.62 ;4.89 4.99 4.74 4.15 3.27 2.16 0.90 -0.43 -1.73 -2.90 -3.87 -4.57 -4.94 -4.97 -4.64 -3.99 -3.05 -1.90 -0.61 0.72 2.00 3.13 4.05 4.68 4.98 4.92 4.52 3.80 2.81 1.62 ;4.89 4.99 4.74 4.15 3.27 2.16 0.90 -0.43 -1.73 -2.90 -3.87 -4.57 -4.94 -4.97 -4.64 -3.99 -3.05 -1.90 -0.61 0.72 2.00 3.13 4.05 4.68 4.98 4.92 4.52 3.80 2.81 1.62 ;4.89 4.99 4.74 4.15 3.27 2.16 0.90 -0.43 -1.73 -2.90 -3.87 -4.57 -4.94 -4.97 -4.64 -3.99 -3.05 -1.90 -0.61 0.72 2.00 3.13 4.05 4.68 4.98 4.92 4.52 3.80 2.81 1.62 ;];
