u91 = [3.07 4.00 4.65 4.97 4.94 4.56 3.86 2.88 1.70 0.40 -0.92 -2.19 -3.29 -4.17 -4.75 -4.99 -4.88 -4.43 -3.66 -2.64 -1.43 -0.11 1.21 2.45 3.51 4.32 4.83 5.00 4.81 4.29 ;3.07 4.00 4.65 4.97 4.94 4.56 3.86 2.88 1.70 0.40 -0.92 -2.19 -3.29 -4.17 -4.75 -4.99 -4.88 -4.43 -3.66 -2.64 -1.43 -0.11 1.21 2.45 3.51 4.32 4.83 5.00 4.81 4.29 ;3.07 4.00 4.65 4.97 4.94 4.56 3.86 2.88 1.70 0.40 -0.92 -2.19 -3.29 -4.17 -4.75 -4.99 -4.88 -4.43 -3.66 -2.64 -1.43 -0.11 1.21 2.45 3.51 4.32 4.83 5.00 4.81 4.29 ;3.07 4.00 4.65 4.97 4.94 4.56 3.86 2.88 1.70 0.40 -0.92 -2.19 -3.29 -4.17 -4.75 -4.99 -4.88 -4.43 -3.66 -2.64 -1.43 -0.11 1.21 2.45 3.51 4.32 4.83 5.00 4.81 4.29 ;3.07 4.00 4.65 4.97 4.94 4.56 3.86 2.88 1.70 0.40 -0.92 -2.19 -3.29 -4.17 -4.75 -4.99 -4.88 -4.43 -3.66 -2.64 -1.43 -0.11 1.21 2.45 3.51 4.32 4.83 5.00 4.81 4.29 ;3.07 4.00 4.65 4.97 4.94 4.56 3.86 2.88 1.70 0.40 -0.92 -2.19 -3.29 -4.17 -4.75 -4.99 -4.88 -4.43 -3.66 -2.64 -1.43 -0.11 1.21 2.45 3.51 4.32 4.83 5.00 4.81 4.29 ;3.07 4.00 4.65 4.97 4.94 4.56 3.86 2.88 1.70 0.40 -0.92 -2.19 -3.29 -4.17 -4.75 -4.99 -4.88 -4.43 -3.66 -2.64 -1.43 -0.11 1.21 2.45 3.51 4.32 4.83 5.00 4.81 4.29 ;3.07 4.00 4.65 4.97 4.94 4.56 3.86 2.88 1.70 0.40 -0.92 -2.19 -3.29 -4.17 -4.75 -4.99 -4.88 -4.43 -3.66 -2.64 -1.43 -0.11 1.21 2.45 3.51 4.32 4.83 5.00 4.81 4.29 ;3.07 4.00 4.65 4.97 4.94 4.56 3.86 2.88 1.70 0.40 -0.92 -2.19 -3.29 -4.17 -4.75 -4.99 -4.88 -4.43 -3.66 -2.64 -1.43 -0.11 1.21 2.45 3.51 4.32 4.83 5.00 4.81 4.29 ;3.07 4.00 4.65 4.97 4.94 4.56 3.86 2.88 1.70 0.40 -0.92 -2.19 -3.29 -4.17 -4.75 -4.99 -4.88 -4.43 -3.66 -2.64 -1.43 -0.11 1.21 2.45 3.51 4.32 4.83 5.00 4.81 4.29 ;3.07 4.00 4.65 4.97 4.94 4.56 3.86 2.88 1.70 0.40 -0.92 -2.19 -3.29 -4.17 -4.75 -4.99 -4.88 -4.43 -3.66 -2.64 -1.43 -0.11 1.21 2.45 3.51 4.32 4.83 5.00 4.81 4.29 ;3.07 4.00 4.65 4.97 4.94 4.56 3.86 2.88 1.70 0.40 -0.92 -2.19 -3.29 -4.17 -4.75 -4.99 -4.88 -4.43 -3.66 -2.64 -1.43 -0.11 1.21 2.45 3.51 4.32 4.83 5.00 4.81 4.29 ;3.07 4.00 4.65 4.97 4.94 4.56 3.86 2.88 1.70 0.40 -0.92 -2.19 -3.29 -4.17 -4.75 -4.99 -4.88 -4.43 -3.66 -2.64 -1.43 -0.11 1.21 2.45 3.51 4.32 4.83 5.00 4.81 4.29 ;3.07 4.00 4.65 4.97 4.94 4.56 3.86 2.88 1.70 0.40 -0.92 -2.19 -3.29 -4.17 -4.75 -4.99 -4.88 -4.43 -3.66 -2.64 -1.43 -0.11 1.21 2.45 3.51 4.32 4.83 5.00 4.81 4.29 ;3.07 4.00 4.65 4.97 4.94 4.56 3.86 2.88 1.70 0.40 -0.92 -2.19 -3.29 -4.17 -4.75 -4.99 -4.88 -4.43 -3.66 -2.64 -1.43 -0.11 1.21 2.45 3.51 4.32 4.83 5.00 4.81 4.29 ;3.07 4.00 4.65 4.97 4.94 4.56 3.86 2.88 1.70 0.40 -0.92 -2.19 -3.29 -4.17 -4.75 -4.99 -4.88 -4.43 -3.66 -2.64 -1.43 -0.11 1.21 2.45 3.51 4.32 4.83 5.00 4.81 4.29 ;3.07 4.00 4.65 4.97 4.94 4.56 3.86 2.88 1.70 0.40 -0.92 -2.19 -3.29 -4.17 -4.75 -4.99 -4.88 -4.43 -3.66 -2.64 -1.43 -0.11 1.21 2.45 3.51 4.32 4.83 5.00 4.81 4.29 ;3.07 4.00 4.65 4.97 4.94 4.56 3.86 2.88 1.70 0.40 -0.92 -2.19 -3.29 -4.17 -4.75 -4.99 -4.88 -4.43 -3.66 -2.64 -1.43 -0.11 1.21 2.45 3.51 4.32 4.83 5.00 4.81 4.29 ;3.07 4.00 4.65 4.97 4.94 4.56 3.86 2.88 1.70 0.40 -0.92 -2.19 -3.29 -4.17 -4.75 -4.99 -4.88 -4.43 -3.66 -2.64 -1.43 -0.11 1.21 2.45 3.51 4.32 4.83 5.00 4.81 4.29 ;3.07 4.00 4.65 4.97 4.94 4.56 3.86 2.88 1.70 0.40 -0.92 -2.19 -3.29 -4.17 -4.75 -4.99 -4.88 -4.43 -3.66 -2.64 -1.43 -0.11 1.21 2.45 3.51 4.32 4.83 5.00 4.81 4.29 ;3.07 4.00 4.65 4.97 4.94 4.56 3.86 2.88 1.70 0.40 -0.92 -2.19 -3.29 -4.17 -4.75 -4.99 -4.88 -4.43 -3.66 -2.64 -1.43 -0.11 1.21 2.45 3.51 4.32 4.83 5.00 4.81 4.29 ;3.07 4.00 4.65 4.97 4.94 4.56 3.86 2.88 1.70 0.40 -0.92 -2.19 -3.29 -4.17 -4.75 -4.99 -4.88 -4.43 -3.66 -2.64 -1.43 -0.11 1.21 2.45 3.51 4.32 4.83 5.00 4.81 4.29 ;3.07 4.00 4.65 4.97 4.94 4.56 3.86 2.88 1.70 0.40 -0.92 -2.19 -3.29 -4.17 -4.75 -4.99 -4.88 -4.43 -3.66 -2.64 -1.43 -0.11 1.21 2.45 3.51 4.32 4.83 5.00 4.81 4.29 ;3.07 4.00 4.65 4.97 4.94 4.56 3.86 2.88 1.70 0.40 -0.92 -2.19 -3.29 -4.17 -4.75 -4.99 -4.88 -4.43 -3.66 -2.64 -1.43 -0.11 1.21 2.45 3.51 4.32 4.83 5.00 4.81 4.29 ;3.07 4.00 4.65 4.97 4.94 4.56 3.86 2.88 1.70 0.40 -0.92 -2.19 -3.29 -4.17 -4.75 -4.99 -4.88 -4.43 -3.66 -2.64 -1.43 -0.11 1.21 2.45 3.51 4.32 4.83 5.00 4.81 4.29 ;3.07 4.00 4.65 4.97 4.94 4.56 3.86 2.88 1.70 0.40 -0.92 -2.19 -3.29 -4.17 -4.75 -4.99 -4.88 -4.43 -3.66 -2.64 -1.43 -0.11 1.21 2.45 3.51 4.32 4.83 5.00 4.81 4.29 ;3.07 4.00 4.65 4.97 4.94 4.56 3.86 2.88 1.70 0.40 -0.92 -2.19 -3.29 -4.17 -4.75 -4.99 -4.88 -4.43 -3.66 -2.64 -1.43 -0.11 1.21 2.45 3.51 4.32 4.83 5.00 4.81 4.29 ;3.07 4.00 4.65 4.97 4.94 4.56 3.86 2.88 1.70 0.40 -0.92 -2.19 -3.29 -4.17 -4.75 -4.99 -4.88 -4.43 -3.66 -2.64 -1.43 -0.11 1.21 2.45 3.51 4.32 4.83 5.00 4.81 4.29 ;3.07 4.00 4.65 4.97 4.94 4.56 3.86 2.88 1.70 0.40 -0.92 -2.19 -3.29 -4.17 -4.75 -4.99 -4.88 -4.43 -3.66 -2.64 -1.43 -0.11 1.21 2.45 3.51 4.32 4.83 5.00 4.81 4.29 ;3.07 4.00 4.65 4.97 4.94 4.56 3.86 2.88 1.70 0.40 -0.92 -2.19 -3.29 -4.17 -4.75 -4.99 -4.88 -4.43 -3.66 -2.64 -1.43 -0.11 1.21 2.45 3.51 4.32 4.83 5.00 4.81 4.29 ;];
