u33 = [4.73 4.99 4.90 4.46 3.70 2.69 1.48 0.17 -1.15 -2.39 -3.47 -4.29 -4.82 -5.00 -4.83 -4.32 -3.50 -2.44 -1.20 0.12 1.43 2.65 3.67 4.44 4.89 4.99 4.75 4.16 3.29 2.18 ;4.73 4.99 4.90 4.46 3.70 2.69 1.48 0.17 -1.15 -2.39 -3.47 -4.29 -4.82 -5.00 -4.83 -4.32 -3.50 -2.44 -1.20 0.12 1.43 2.65 3.67 4.44 4.89 4.99 4.75 4.16 3.29 2.18 ;4.73 4.99 4.90 4.46 3.70 2.69 1.48 0.17 -1.15 -2.39 -3.47 -4.29 -4.82 -5.00 -4.83 -4.32 -3.50 -2.44 -1.20 0.12 1.43 2.65 3.67 4.44 4.89 4.99 4.75 4.16 3.29 2.18 ;4.73 4.99 4.90 4.46 3.70 2.69 1.48 0.17 -1.15 -2.39 -3.47 -4.29 -4.82 -5.00 -4.83 -4.32 -3.50 -2.44 -1.20 0.12 1.43 2.65 3.67 4.44 4.89 4.99 4.75 4.16 3.29 2.18 ;4.73 4.99 4.90 4.46 3.70 2.69 1.48 0.17 -1.15 -2.39 -3.47 -4.29 -4.82 -5.00 -4.83 -4.32 -3.50 -2.44 -1.20 0.12 1.43 2.65 3.67 4.44 4.89 4.99 4.75 4.16 3.29 2.18 ;4.73 4.99 4.90 4.46 3.70 2.69 1.48 0.17 -1.15 -2.39 -3.47 -4.29 -4.82 -5.00 -4.83 -4.32 -3.50 -2.44 -1.20 0.12 1.43 2.65 3.67 4.44 4.89 4.99 4.75 4.16 3.29 2.18 ;4.73 4.99 4.90 4.46 3.70 2.69 1.48 0.17 -1.15 -2.39 -3.47 -4.29 -4.82 -5.00 -4.83 -4.32 -3.50 -2.44 -1.20 0.12 1.43 2.65 3.67 4.44 4.89 4.99 4.75 4.16 3.29 2.18 ;4.73 4.99 4.90 4.46 3.70 2.69 1.48 0.17 -1.15 -2.39 -3.47 -4.29 -4.82 -5.00 -4.83 -4.32 -3.50 -2.44 -1.20 0.12 1.43 2.65 3.67 4.44 4.89 4.99 4.75 4.16 3.29 2.18 ;4.73 4.99 4.90 4.46 3.70 2.69 1.48 0.17 -1.15 -2.39 -3.47 -4.29 -4.82 -5.00 -4.83 -4.32 -3.50 -2.44 -1.20 0.12 1.43 2.65 3.67 4.44 4.89 4.99 4.75 4.16 3.29 2.18 ;4.73 4.99 4.90 4.46 3.70 2.69 1.48 0.17 -1.15 -2.39 -3.47 -4.29 -4.82 -5.00 -4.83 -4.32 -3.50 -2.44 -1.20 0.12 1.43 2.65 3.67 4.44 4.89 4.99 4.75 4.16 3.29 2.18 ;4.73 4.99 4.90 4.46 3.70 2.69 1.48 0.17 -1.15 -2.39 -3.47 -4.29 -4.82 -5.00 -4.83 -4.32 -3.50 -2.44 -1.20 0.12 1.43 2.65 3.67 4.44 4.89 4.99 4.75 4.16 3.29 2.18 ;4.73 4.99 4.90 4.46 3.70 2.69 1.48 0.17 -1.15 -2.39 -3.47 -4.29 -4.82 -5.00 -4.83 -4.32 -3.50 -2.44 -1.20 0.12 1.43 2.65 3.67 4.44 4.89 4.99 4.75 4.16 3.29 2.18 ;4.73 4.99 4.90 4.46 3.70 2.69 1.48 0.17 -1.15 -2.39 -3.47 -4.29 -4.82 -5.00 -4.83 -4.32 -3.50 -2.44 -1.20 0.12 1.43 2.65 3.67 4.44 4.89 4.99 4.75 4.16 3.29 2.18 ;4.73 4.99 4.90 4.46 3.70 2.69 1.48 0.17 -1.15 -2.39 -3.47 -4.29 -4.82 -5.00 -4.83 -4.32 -3.50 -2.44 -1.20 0.12 1.43 2.65 3.67 4.44 4.89 4.99 4.75 4.16 3.29 2.18 ;4.73 4.99 4.90 4.46 3.70 2.69 1.48 0.17 -1.15 -2.39 -3.47 -4.29 -4.82 -5.00 -4.83 -4.32 -3.50 -2.44 -1.20 0.12 1.43 2.65 3.67 4.44 4.89 4.99 4.75 4.16 3.29 2.18 ;4.73 4.99 4.90 4.46 3.70 2.69 1.48 0.17 -1.15 -2.39 -3.47 -4.29 -4.82 -5.00 -4.83 -4.32 -3.50 -2.44 -1.20 0.12 1.43 2.65 3.67 4.44 4.89 4.99 4.75 4.16 3.29 2.18 ;4.73 4.99 4.90 4.46 3.70 2.69 1.48 0.17 -1.15 -2.39 -3.47 -4.29 -4.82 -5.00 -4.83 -4.32 -3.50 -2.44 -1.20 0.12 1.43 2.65 3.67 4.44 4.89 4.99 4.75 4.16 3.29 2.18 ;4.73 4.99 4.90 4.46 3.70 2.69 1.48 0.17 -1.15 -2.39 -3.47 -4.29 -4.82 -5.00 -4.83 -4.32 -3.50 -2.44 -1.20 0.12 1.43 2.65 3.67 4.44 4.89 4.99 4.75 4.16 3.29 2.18 ;4.73 4.99 4.90 4.46 3.70 2.69 1.48 0.17 -1.15 -2.39 -3.47 -4.29 -4.82 -5.00 -4.83 -4.32 -3.50 -2.44 -1.20 0.12 1.43 2.65 3.67 4.44 4.89 4.99 4.75 4.16 3.29 2.18 ;4.73 4.99 4.90 4.46 3.70 2.69 1.48 0.17 -1.15 -2.39 -3.47 -4.29 -4.82 -5.00 -4.83 -4.32 -3.50 -2.44 -1.20 0.12 1.43 2.65 3.67 4.44 4.89 4.99 4.75 4.16 3.29 2.18 ;4.73 4.99 4.90 4.46 3.70 2.69 1.48 0.17 -1.15 -2.39 -3.47 -4.29 -4.82 -5.00 -4.83 -4.32 -3.50 -2.44 -1.20 0.12 1.43 2.65 3.67 4.44 4.89 4.99 4.75 4.16 3.29 2.18 ;4.73 4.99 4.90 4.46 3.70 2.69 1.48 0.17 -1.15 -2.39 -3.47 -4.29 -4.82 -5.00 -4.83 -4.32 -3.50 -2.44 -1.20 0.12 1.43 2.65 3.67 4.44 4.89 4.99 4.75 4.16 3.29 2.18 ;4.73 4.99 4.90 4.46 3.70 2.69 1.48 0.17 -1.15 -2.39 -3.47 -4.29 -4.82 -5.00 -4.83 -4.32 -3.50 -2.44 -1.20 0.12 1.43 2.65 3.67 4.44 4.89 4.99 4.75 4.16 3.29 2.18 ;4.73 4.99 4.90 4.46 3.70 2.69 1.48 0.17 -1.15 -2.39 -3.47 -4.29 -4.82 -5.00 -4.83 -4.32 -3.50 -2.44 -1.20 0.12 1.43 2.65 3.67 4.44 4.89 4.99 4.75 4.16 3.29 2.18 ;4.73 4.99 4.90 4.46 3.70 2.69 1.48 0.17 -1.15 -2.39 -3.47 -4.29 -4.82 -5.00 -4.83 -4.32 -3.50 -2.44 -1.20 0.12 1.43 2.65 3.67 4.44 4.89 4.99 4.75 4.16 3.29 2.18 ;4.73 4.99 4.90 4.46 3.70 2.69 1.48 0.17 -1.15 -2.39 -3.47 -4.29 -4.82 -5.00 -4.83 -4.32 -3.50 -2.44 -1.20 0.12 1.43 2.65 3.67 4.44 4.89 4.99 4.75 4.16 3.29 2.18 ;4.73 4.99 4.90 4.46 3.70 2.69 1.48 0.17 -1.15 -2.39 -3.47 -4.29 -4.82 -5.00 -4.83 -4.32 -3.50 -2.44 -1.20 0.12 1.43 2.65 3.67 4.44 4.89 4.99 4.75 4.16 3.29 2.18 ;4.73 4.99 4.90 4.46 3.70 2.69 1.48 0.17 -1.15 -2.39 -3.47 -4.29 -4.82 -5.00 -4.83 -4.32 -3.50 -2.44 -1.20 0.12 1.43 2.65 3.67 4.44 4.89 4.99 4.75 4.16 3.29 2.18 ;4.73 4.99 4.90 4.46 3.70 2.69 1.48 0.17 -1.15 -2.39 -3.47 -4.29 -4.82 -5.00 -4.83 -4.32 -3.50 -2.44 -1.20 0.12 1.43 2.65 3.67 4.44 4.89 4.99 4.75 4.16 3.29 2.18 ;4.73 4.99 4.90 4.46 3.70 2.69 1.48 0.17 -1.15 -2.39 -3.47 -4.29 -4.82 -5.00 -4.83 -4.32 -3.50 -2.44 -1.20 0.12 1.43 2.65 3.67 4.44 4.89 4.99 4.75 4.16 3.29 2.18 ;];
