u25 = [4.84 5.00 4.80 4.26 3.42 2.34 1.10 -0.23 -1.54 -2.74 -3.74 -4.48 -4.91 -4.99 -4.71 -4.10 -3.20 -2.08 -0.81 0.52 1.81 2.98 3.93 4.61 4.96 4.96 4.61 3.93 2.98 1.81 ;4.84 5.00 4.80 4.26 3.42 2.34 1.10 -0.23 -1.54 -2.74 -3.74 -4.48 -4.91 -4.99 -4.71 -4.10 -3.20 -2.08 -0.81 0.52 1.81 2.98 3.93 4.61 4.96 4.96 4.61 3.93 2.98 1.81 ;4.84 5.00 4.80 4.26 3.42 2.34 1.10 -0.23 -1.54 -2.74 -3.74 -4.48 -4.91 -4.99 -4.71 -4.10 -3.20 -2.08 -0.81 0.52 1.81 2.98 3.93 4.61 4.96 4.96 4.61 3.93 2.98 1.81 ;4.84 5.00 4.80 4.26 3.42 2.34 1.10 -0.23 -1.54 -2.74 -3.74 -4.48 -4.91 -4.99 -4.71 -4.10 -3.20 -2.08 -0.81 0.52 1.81 2.98 3.93 4.61 4.96 4.96 4.61 3.93 2.98 1.81 ;4.84 5.00 4.80 4.26 3.42 2.34 1.10 -0.23 -1.54 -2.74 -3.74 -4.48 -4.91 -4.99 -4.71 -4.10 -3.20 -2.08 -0.81 0.52 1.81 2.98 3.93 4.61 4.96 4.96 4.61 3.93 2.98 1.81 ;4.84 5.00 4.80 4.26 3.42 2.34 1.10 -0.23 -1.54 -2.74 -3.74 -4.48 -4.91 -4.99 -4.71 -4.10 -3.20 -2.08 -0.81 0.52 1.81 2.98 3.93 4.61 4.96 4.96 4.61 3.93 2.98 1.81 ;4.84 5.00 4.80 4.26 3.42 2.34 1.10 -0.23 -1.54 -2.74 -3.74 -4.48 -4.91 -4.99 -4.71 -4.10 -3.20 -2.08 -0.81 0.52 1.81 2.98 3.93 4.61 4.96 4.96 4.61 3.93 2.98 1.81 ;4.84 5.00 4.80 4.26 3.42 2.34 1.10 -0.23 -1.54 -2.74 -3.74 -4.48 -4.91 -4.99 -4.71 -4.10 -3.20 -2.08 -0.81 0.52 1.81 2.98 3.93 4.61 4.96 4.96 4.61 3.93 2.98 1.81 ;4.84 5.00 4.80 4.26 3.42 2.34 1.10 -0.23 -1.54 -2.74 -3.74 -4.48 -4.91 -4.99 -4.71 -4.10 -3.20 -2.08 -0.81 0.52 1.81 2.98 3.93 4.61 4.96 4.96 4.61 3.93 2.98 1.81 ;4.84 5.00 4.80 4.26 3.42 2.34 1.10 -0.23 -1.54 -2.74 -3.74 -4.48 -4.91 -4.99 -4.71 -4.10 -3.20 -2.08 -0.81 0.52 1.81 2.98 3.93 4.61 4.96 4.96 4.61 3.93 2.98 1.81 ;4.84 5.00 4.80 4.26 3.42 2.34 1.10 -0.23 -1.54 -2.74 -3.74 -4.48 -4.91 -4.99 -4.71 -4.10 -3.20 -2.08 -0.81 0.52 1.81 2.98 3.93 4.61 4.96 4.96 4.61 3.93 2.98 1.81 ;4.84 5.00 4.80 4.26 3.42 2.34 1.10 -0.23 -1.54 -2.74 -3.74 -4.48 -4.91 -4.99 -4.71 -4.10 -3.20 -2.08 -0.81 0.52 1.81 2.98 3.93 4.61 4.96 4.96 4.61 3.93 2.98 1.81 ;4.84 5.00 4.80 4.26 3.42 2.34 1.10 -0.23 -1.54 -2.74 -3.74 -4.48 -4.91 -4.99 -4.71 -4.10 -3.20 -2.08 -0.81 0.52 1.81 2.98 3.93 4.61 4.96 4.96 4.61 3.93 2.98 1.81 ;4.84 5.00 4.80 4.26 3.42 2.34 1.10 -0.23 -1.54 -2.74 -3.74 -4.48 -4.91 -4.99 -4.71 -4.10 -3.20 -2.08 -0.81 0.52 1.81 2.98 3.93 4.61 4.96 4.96 4.61 3.93 2.98 1.81 ;4.84 5.00 4.80 4.26 3.42 2.34 1.10 -0.23 -1.54 -2.74 -3.74 -4.48 -4.91 -4.99 -4.71 -4.10 -3.20 -2.08 -0.81 0.52 1.81 2.98 3.93 4.61 4.96 4.96 4.61 3.93 2.98 1.81 ;4.84 5.00 4.80 4.26 3.42 2.34 1.10 -0.23 -1.54 -2.74 -3.74 -4.48 -4.91 -4.99 -4.71 -4.10 -3.20 -2.08 -0.81 0.52 1.81 2.98 3.93 4.61 4.96 4.96 4.61 3.93 2.98 1.81 ;4.84 5.00 4.80 4.26 3.42 2.34 1.10 -0.23 -1.54 -2.74 -3.74 -4.48 -4.91 -4.99 -4.71 -4.10 -3.20 -2.08 -0.81 0.52 1.81 2.98 3.93 4.61 4.96 4.96 4.61 3.93 2.98 1.81 ;4.84 5.00 4.80 4.26 3.42 2.34 1.10 -0.23 -1.54 -2.74 -3.74 -4.48 -4.91 -4.99 -4.71 -4.10 -3.20 -2.08 -0.81 0.52 1.81 2.98 3.93 4.61 4.96 4.96 4.61 3.93 2.98 1.81 ;4.84 5.00 4.80 4.26 3.42 2.34 1.10 -0.23 -1.54 -2.74 -3.74 -4.48 -4.91 -4.99 -4.71 -4.10 -3.20 -2.08 -0.81 0.52 1.81 2.98 3.93 4.61 4.96 4.96 4.61 3.93 2.98 1.81 ;4.84 5.00 4.80 4.26 3.42 2.34 1.10 -0.23 -1.54 -2.74 -3.74 -4.48 -4.91 -4.99 -4.71 -4.10 -3.20 -2.08 -0.81 0.52 1.81 2.98 3.93 4.61 4.96 4.96 4.61 3.93 2.98 1.81 ;4.84 5.00 4.80 4.26 3.42 2.34 1.10 -0.23 -1.54 -2.74 -3.74 -4.48 -4.91 -4.99 -4.71 -4.10 -3.20 -2.08 -0.81 0.52 1.81 2.98 3.93 4.61 4.96 4.96 4.61 3.93 2.98 1.81 ;4.84 5.00 4.80 4.26 3.42 2.34 1.10 -0.23 -1.54 -2.74 -3.74 -4.48 -4.91 -4.99 -4.71 -4.10 -3.20 -2.08 -0.81 0.52 1.81 2.98 3.93 4.61 4.96 4.96 4.61 3.93 2.98 1.81 ;4.84 5.00 4.80 4.26 3.42 2.34 1.10 -0.23 -1.54 -2.74 -3.74 -4.48 -4.91 -4.99 -4.71 -4.10 -3.20 -2.08 -0.81 0.52 1.81 2.98 3.93 4.61 4.96 4.96 4.61 3.93 2.98 1.81 ;4.84 5.00 4.80 4.26 3.42 2.34 1.10 -0.23 -1.54 -2.74 -3.74 -4.48 -4.91 -4.99 -4.71 -4.10 -3.20 -2.08 -0.81 0.52 1.81 2.98 3.93 4.61 4.96 4.96 4.61 3.93 2.98 1.81 ;4.84 5.00 4.80 4.26 3.42 2.34 1.10 -0.23 -1.54 -2.74 -3.74 -4.48 -4.91 -4.99 -4.71 -4.10 -3.20 -2.08 -0.81 0.52 1.81 2.98 3.93 4.61 4.96 4.96 4.61 3.93 2.98 1.81 ;4.84 5.00 4.80 4.26 3.42 2.34 1.10 -0.23 -1.54 -2.74 -3.74 -4.48 -4.91 -4.99 -4.71 -4.10 -3.20 -2.08 -0.81 0.52 1.81 2.98 3.93 4.61 4.96 4.96 4.61 3.93 2.98 1.81 ;4.84 5.00 4.80 4.26 3.42 2.34 1.10 -0.23 -1.54 -2.74 -3.74 -4.48 -4.91 -4.99 -4.71 -4.10 -3.20 -2.08 -0.81 0.52 1.81 2.98 3.93 4.61 4.96 4.96 4.61 3.93 2.98 1.81 ;4.84 5.00 4.80 4.26 3.42 2.34 1.10 -0.23 -1.54 -2.74 -3.74 -4.48 -4.91 -4.99 -4.71 -4.10 -3.20 -2.08 -0.81 0.52 1.81 2.98 3.93 4.61 4.96 4.96 4.61 3.93 2.98 1.81 ;4.84 5.00 4.80 4.26 3.42 2.34 1.10 -0.23 -1.54 -2.74 -3.74 -4.48 -4.91 -4.99 -4.71 -4.10 -3.20 -2.08 -0.81 0.52 1.81 2.98 3.93 4.61 4.96 4.96 4.61 3.93 2.98 1.81 ;4.84 5.00 4.80 4.26 3.42 2.34 1.10 -0.23 -1.54 -2.74 -3.74 -4.48 -4.91 -4.99 -4.71 -4.10 -3.20 -2.08 -0.81 0.52 1.81 2.98 3.93 4.61 4.96 4.96 4.61 3.93 2.98 1.81 ;];
