u10 = [4.98 4.93 4.54 3.82 2.84 1.66 0.35 -0.97 -2.23 -3.33 -4.20 -4.76 -5.00 -4.87 -4.41 -3.63 -2.60 -1.38 -0.06 1.26 2.49 3.54 4.35 4.84 5.00 4.80 4.26 3.42 2.34 1.09 ;4.98 4.93 4.54 3.82 2.84 1.66 0.35 -0.97 -2.23 -3.33 -4.20 -4.76 -5.00 -4.87 -4.41 -3.63 -2.60 -1.38 -0.06 1.26 2.49 3.54 4.35 4.84 5.00 4.80 4.26 3.42 2.34 1.09 ;4.98 4.93 4.54 3.82 2.84 1.66 0.35 -0.97 -2.23 -3.33 -4.20 -4.76 -5.00 -4.87 -4.41 -3.63 -2.60 -1.38 -0.06 1.26 2.49 3.54 4.35 4.84 5.00 4.80 4.26 3.42 2.34 1.09 ;4.98 4.93 4.54 3.82 2.84 1.66 0.35 -0.97 -2.23 -3.33 -4.20 -4.76 -5.00 -4.87 -4.41 -3.63 -2.60 -1.38 -0.06 1.26 2.49 3.54 4.35 4.84 5.00 4.80 4.26 3.42 2.34 1.09 ;4.98 4.93 4.54 3.82 2.84 1.66 0.35 -0.97 -2.23 -3.33 -4.20 -4.76 -5.00 -4.87 -4.41 -3.63 -2.60 -1.38 -0.06 1.26 2.49 3.54 4.35 4.84 5.00 4.80 4.26 3.42 2.34 1.09 ;4.98 4.93 4.54 3.82 2.84 1.66 0.35 -0.97 -2.23 -3.33 -4.20 -4.76 -5.00 -4.87 -4.41 -3.63 -2.60 -1.38 -0.06 1.26 2.49 3.54 4.35 4.84 5.00 4.80 4.26 3.42 2.34 1.09 ;4.98 4.93 4.54 3.82 2.84 1.66 0.35 -0.97 -2.23 -3.33 -4.20 -4.76 -5.00 -4.87 -4.41 -3.63 -2.60 -1.38 -0.06 1.26 2.49 3.54 4.35 4.84 5.00 4.80 4.26 3.42 2.34 1.09 ;4.98 4.93 4.54 3.82 2.84 1.66 0.35 -0.97 -2.23 -3.33 -4.20 -4.76 -5.00 -4.87 -4.41 -3.63 -2.60 -1.38 -0.06 1.26 2.49 3.54 4.35 4.84 5.00 4.80 4.26 3.42 2.34 1.09 ;4.98 4.93 4.54 3.82 2.84 1.66 0.35 -0.97 -2.23 -3.33 -4.20 -4.76 -5.00 -4.87 -4.41 -3.63 -2.60 -1.38 -0.06 1.26 2.49 3.54 4.35 4.84 5.00 4.80 4.26 3.42 2.34 1.09 ;4.98 4.93 4.54 3.82 2.84 1.66 0.35 -0.97 -2.23 -3.33 -4.20 -4.76 -5.00 -4.87 -4.41 -3.63 -2.60 -1.38 -0.06 1.26 2.49 3.54 4.35 4.84 5.00 4.80 4.26 3.42 2.34 1.09 ;4.98 4.93 4.54 3.82 2.84 1.66 0.35 -0.97 -2.23 -3.33 -4.20 -4.76 -5.00 -4.87 -4.41 -3.63 -2.60 -1.38 -0.06 1.26 2.49 3.54 4.35 4.84 5.00 4.80 4.26 3.42 2.34 1.09 ;4.98 4.93 4.54 3.82 2.84 1.66 0.35 -0.97 -2.23 -3.33 -4.20 -4.76 -5.00 -4.87 -4.41 -3.63 -2.60 -1.38 -0.06 1.26 2.49 3.54 4.35 4.84 5.00 4.80 4.26 3.42 2.34 1.09 ;4.98 4.93 4.54 3.82 2.84 1.66 0.35 -0.97 -2.23 -3.33 -4.20 -4.76 -5.00 -4.87 -4.41 -3.63 -2.60 -1.38 -0.06 1.26 2.49 3.54 4.35 4.84 5.00 4.80 4.26 3.42 2.34 1.09 ;4.98 4.93 4.54 3.82 2.84 1.66 0.35 -0.97 -2.23 -3.33 -4.20 -4.76 -5.00 -4.87 -4.41 -3.63 -2.60 -1.38 -0.06 1.26 2.49 3.54 4.35 4.84 5.00 4.80 4.26 3.42 2.34 1.09 ;4.98 4.93 4.54 3.82 2.84 1.66 0.35 -0.97 -2.23 -3.33 -4.20 -4.76 -5.00 -4.87 -4.41 -3.63 -2.60 -1.38 -0.06 1.26 2.49 3.54 4.35 4.84 5.00 4.80 4.26 3.42 2.34 1.09 ;4.98 4.93 4.54 3.82 2.84 1.66 0.35 -0.97 -2.23 -3.33 -4.20 -4.76 -5.00 -4.87 -4.41 -3.63 -2.60 -1.38 -0.06 1.26 2.49 3.54 4.35 4.84 5.00 4.80 4.26 3.42 2.34 1.09 ;4.98 4.93 4.54 3.82 2.84 1.66 0.35 -0.97 -2.23 -3.33 -4.20 -4.76 -5.00 -4.87 -4.41 -3.63 -2.60 -1.38 -0.06 1.26 2.49 3.54 4.35 4.84 5.00 4.80 4.26 3.42 2.34 1.09 ;4.98 4.93 4.54 3.82 2.84 1.66 0.35 -0.97 -2.23 -3.33 -4.20 -4.76 -5.00 -4.87 -4.41 -3.63 -2.60 -1.38 -0.06 1.26 2.49 3.54 4.35 4.84 5.00 4.80 4.26 3.42 2.34 1.09 ;4.98 4.93 4.54 3.82 2.84 1.66 0.35 -0.97 -2.23 -3.33 -4.20 -4.76 -5.00 -4.87 -4.41 -3.63 -2.60 -1.38 -0.06 1.26 2.49 3.54 4.35 4.84 5.00 4.80 4.26 3.42 2.34 1.09 ;4.98 4.93 4.54 3.82 2.84 1.66 0.35 -0.97 -2.23 -3.33 -4.20 -4.76 -5.00 -4.87 -4.41 -3.63 -2.60 -1.38 -0.06 1.26 2.49 3.54 4.35 4.84 5.00 4.80 4.26 3.42 2.34 1.09 ;4.98 4.93 4.54 3.82 2.84 1.66 0.35 -0.97 -2.23 -3.33 -4.20 -4.76 -5.00 -4.87 -4.41 -3.63 -2.60 -1.38 -0.06 1.26 2.49 3.54 4.35 4.84 5.00 4.80 4.26 3.42 2.34 1.09 ;4.98 4.93 4.54 3.82 2.84 1.66 0.35 -0.97 -2.23 -3.33 -4.20 -4.76 -5.00 -4.87 -4.41 -3.63 -2.60 -1.38 -0.06 1.26 2.49 3.54 4.35 4.84 5.00 4.80 4.26 3.42 2.34 1.09 ;4.98 4.93 4.54 3.82 2.84 1.66 0.35 -0.97 -2.23 -3.33 -4.20 -4.76 -5.00 -4.87 -4.41 -3.63 -2.60 -1.38 -0.06 1.26 2.49 3.54 4.35 4.84 5.00 4.80 4.26 3.42 2.34 1.09 ;4.98 4.93 4.54 3.82 2.84 1.66 0.35 -0.97 -2.23 -3.33 -4.20 -4.76 -5.00 -4.87 -4.41 -3.63 -2.60 -1.38 -0.06 1.26 2.49 3.54 4.35 4.84 5.00 4.80 4.26 3.42 2.34 1.09 ;4.98 4.93 4.54 3.82 2.84 1.66 0.35 -0.97 -2.23 -3.33 -4.20 -4.76 -5.00 -4.87 -4.41 -3.63 -2.60 -1.38 -0.06 1.26 2.49 3.54 4.35 4.84 5.00 4.80 4.26 3.42 2.34 1.09 ;4.98 4.93 4.54 3.82 2.84 1.66 0.35 -0.97 -2.23 -3.33 -4.20 -4.76 -5.00 -4.87 -4.41 -3.63 -2.60 -1.38 -0.06 1.26 2.49 3.54 4.35 4.84 5.00 4.80 4.26 3.42 2.34 1.09 ;4.98 4.93 4.54 3.82 2.84 1.66 0.35 -0.97 -2.23 -3.33 -4.20 -4.76 -5.00 -4.87 -4.41 -3.63 -2.60 -1.38 -0.06 1.26 2.49 3.54 4.35 4.84 5.00 4.80 4.26 3.42 2.34 1.09 ;4.98 4.93 4.54 3.82 2.84 1.66 0.35 -0.97 -2.23 -3.33 -4.20 -4.76 -5.00 -4.87 -4.41 -3.63 -2.60 -1.38 -0.06 1.26 2.49 3.54 4.35 4.84 5.00 4.80 4.26 3.42 2.34 1.09 ;4.98 4.93 4.54 3.82 2.84 1.66 0.35 -0.97 -2.23 -3.33 -4.20 -4.76 -5.00 -4.87 -4.41 -3.63 -2.60 -1.38 -0.06 1.26 2.49 3.54 4.35 4.84 5.00 4.80 4.26 3.42 2.34 1.09 ;4.98 4.93 4.54 3.82 2.84 1.66 0.35 -0.97 -2.23 -3.33 -4.20 -4.76 -5.00 -4.87 -4.41 -3.63 -2.60 -1.38 -0.06 1.26 2.49 3.54 4.35 4.84 5.00 4.80 4.26 3.42 2.34 1.09 ;];
