u8 = [4.98 4.91 4.49 3.76 2.76 1.56 0.25 -1.07 -2.32 -3.41 -4.25 -4.79 -5.00 -4.85 -4.36 -3.56 -2.51 -1.28 0.04 1.35 2.57 3.61 4.40 4.87 5.00 4.77 4.21 3.35 2.25 1.00 ;4.98 4.91 4.49 3.76 2.76 1.56 0.25 -1.07 -2.32 -3.41 -4.25 -4.79 -5.00 -4.85 -4.36 -3.56 -2.51 -1.28 0.04 1.35 2.57 3.61 4.40 4.87 5.00 4.77 4.21 3.35 2.25 1.00 ;4.98 4.91 4.49 3.76 2.76 1.56 0.25 -1.07 -2.32 -3.41 -4.25 -4.79 -5.00 -4.85 -4.36 -3.56 -2.51 -1.28 0.04 1.35 2.57 3.61 4.40 4.87 5.00 4.77 4.21 3.35 2.25 1.00 ;4.98 4.91 4.49 3.76 2.76 1.56 0.25 -1.07 -2.32 -3.41 -4.25 -4.79 -5.00 -4.85 -4.36 -3.56 -2.51 -1.28 0.04 1.35 2.57 3.61 4.40 4.87 5.00 4.77 4.21 3.35 2.25 1.00 ;4.98 4.91 4.49 3.76 2.76 1.56 0.25 -1.07 -2.32 -3.41 -4.25 -4.79 -5.00 -4.85 -4.36 -3.56 -2.51 -1.28 0.04 1.35 2.57 3.61 4.40 4.87 5.00 4.77 4.21 3.35 2.25 1.00 ;4.98 4.91 4.49 3.76 2.76 1.56 0.25 -1.07 -2.32 -3.41 -4.25 -4.79 -5.00 -4.85 -4.36 -3.56 -2.51 -1.28 0.04 1.35 2.57 3.61 4.40 4.87 5.00 4.77 4.21 3.35 2.25 1.00 ;4.98 4.91 4.49 3.76 2.76 1.56 0.25 -1.07 -2.32 -3.41 -4.25 -4.79 -5.00 -4.85 -4.36 -3.56 -2.51 -1.28 0.04 1.35 2.57 3.61 4.40 4.87 5.00 4.77 4.21 3.35 2.25 1.00 ;4.98 4.91 4.49 3.76 2.76 1.56 0.25 -1.07 -2.32 -3.41 -4.25 -4.79 -5.00 -4.85 -4.36 -3.56 -2.51 -1.28 0.04 1.35 2.57 3.61 4.40 4.87 5.00 4.77 4.21 3.35 2.25 1.00 ;4.98 4.91 4.49 3.76 2.76 1.56 0.25 -1.07 -2.32 -3.41 -4.25 -4.79 -5.00 -4.85 -4.36 -3.56 -2.51 -1.28 0.04 1.35 2.57 3.61 4.40 4.87 5.00 4.77 4.21 3.35 2.25 1.00 ;4.98 4.91 4.49 3.76 2.76 1.56 0.25 -1.07 -2.32 -3.41 -4.25 -4.79 -5.00 -4.85 -4.36 -3.56 -2.51 -1.28 0.04 1.35 2.57 3.61 4.40 4.87 5.00 4.77 4.21 3.35 2.25 1.00 ;4.98 4.91 4.49 3.76 2.76 1.56 0.25 -1.07 -2.32 -3.41 -4.25 -4.79 -5.00 -4.85 -4.36 -3.56 -2.51 -1.28 0.04 1.35 2.57 3.61 4.40 4.87 5.00 4.77 4.21 3.35 2.25 1.00 ;4.98 4.91 4.49 3.76 2.76 1.56 0.25 -1.07 -2.32 -3.41 -4.25 -4.79 -5.00 -4.85 -4.36 -3.56 -2.51 -1.28 0.04 1.35 2.57 3.61 4.40 4.87 5.00 4.77 4.21 3.35 2.25 1.00 ;4.98 4.91 4.49 3.76 2.76 1.56 0.25 -1.07 -2.32 -3.41 -4.25 -4.79 -5.00 -4.85 -4.36 -3.56 -2.51 -1.28 0.04 1.35 2.57 3.61 4.40 4.87 5.00 4.77 4.21 3.35 2.25 1.00 ;4.98 4.91 4.49 3.76 2.76 1.56 0.25 -1.07 -2.32 -3.41 -4.25 -4.79 -5.00 -4.85 -4.36 -3.56 -2.51 -1.28 0.04 1.35 2.57 3.61 4.40 4.87 5.00 4.77 4.21 3.35 2.25 1.00 ;4.98 4.91 4.49 3.76 2.76 1.56 0.25 -1.07 -2.32 -3.41 -4.25 -4.79 -5.00 -4.85 -4.36 -3.56 -2.51 -1.28 0.04 1.35 2.57 3.61 4.40 4.87 5.00 4.77 4.21 3.35 2.25 1.00 ;4.98 4.91 4.49 3.76 2.76 1.56 0.25 -1.07 -2.32 -3.41 -4.25 -4.79 -5.00 -4.85 -4.36 -3.56 -2.51 -1.28 0.04 1.35 2.57 3.61 4.40 4.87 5.00 4.77 4.21 3.35 2.25 1.00 ;4.98 4.91 4.49 3.76 2.76 1.56 0.25 -1.07 -2.32 -3.41 -4.25 -4.79 -5.00 -4.85 -4.36 -3.56 -2.51 -1.28 0.04 1.35 2.57 3.61 4.40 4.87 5.00 4.77 4.21 3.35 2.25 1.00 ;4.98 4.91 4.49 3.76 2.76 1.56 0.25 -1.07 -2.32 -3.41 -4.25 -4.79 -5.00 -4.85 -4.36 -3.56 -2.51 -1.28 0.04 1.35 2.57 3.61 4.40 4.87 5.00 4.77 4.21 3.35 2.25 1.00 ;4.98 4.91 4.49 3.76 2.76 1.56 0.25 -1.07 -2.32 -3.41 -4.25 -4.79 -5.00 -4.85 -4.36 -3.56 -2.51 -1.28 0.04 1.35 2.57 3.61 4.40 4.87 5.00 4.77 4.21 3.35 2.25 1.00 ;4.98 4.91 4.49 3.76 2.76 1.56 0.25 -1.07 -2.32 -3.41 -4.25 -4.79 -5.00 -4.85 -4.36 -3.56 -2.51 -1.28 0.04 1.35 2.57 3.61 4.40 4.87 5.00 4.77 4.21 3.35 2.25 1.00 ;4.98 4.91 4.49 3.76 2.76 1.56 0.25 -1.07 -2.32 -3.41 -4.25 -4.79 -5.00 -4.85 -4.36 -3.56 -2.51 -1.28 0.04 1.35 2.57 3.61 4.40 4.87 5.00 4.77 4.21 3.35 2.25 1.00 ;4.98 4.91 4.49 3.76 2.76 1.56 0.25 -1.07 -2.32 -3.41 -4.25 -4.79 -5.00 -4.85 -4.36 -3.56 -2.51 -1.28 0.04 1.35 2.57 3.61 4.40 4.87 5.00 4.77 4.21 3.35 2.25 1.00 ;4.98 4.91 4.49 3.76 2.76 1.56 0.25 -1.07 -2.32 -3.41 -4.25 -4.79 -5.00 -4.85 -4.36 -3.56 -2.51 -1.28 0.04 1.35 2.57 3.61 4.40 4.87 5.00 4.77 4.21 3.35 2.25 1.00 ;4.98 4.91 4.49 3.76 2.76 1.56 0.25 -1.07 -2.32 -3.41 -4.25 -4.79 -5.00 -4.85 -4.36 -3.56 -2.51 -1.28 0.04 1.35 2.57 3.61 4.40 4.87 5.00 4.77 4.21 3.35 2.25 1.00 ;4.98 4.91 4.49 3.76 2.76 1.56 0.25 -1.07 -2.32 -3.41 -4.25 -4.79 -5.00 -4.85 -4.36 -3.56 -2.51 -1.28 0.04 1.35 2.57 3.61 4.40 4.87 5.00 4.77 4.21 3.35 2.25 1.00 ;4.98 4.91 4.49 3.76 2.76 1.56 0.25 -1.07 -2.32 -3.41 -4.25 -4.79 -5.00 -4.85 -4.36 -3.56 -2.51 -1.28 0.04 1.35 2.57 3.61 4.40 4.87 5.00 4.77 4.21 3.35 2.25 1.00 ;4.98 4.91 4.49 3.76 2.76 1.56 0.25 -1.07 -2.32 -3.41 -4.25 -4.79 -5.00 -4.85 -4.36 -3.56 -2.51 -1.28 0.04 1.35 2.57 3.61 4.40 4.87 5.00 4.77 4.21 3.35 2.25 1.00 ;4.98 4.91 4.49 3.76 2.76 1.56 0.25 -1.07 -2.32 -3.41 -4.25 -4.79 -5.00 -4.85 -4.36 -3.56 -2.51 -1.28 0.04 1.35 2.57 3.61 4.40 4.87 5.00 4.77 4.21 3.35 2.25 1.00 ;4.98 4.91 4.49 3.76 2.76 1.56 0.25 -1.07 -2.32 -3.41 -4.25 -4.79 -5.00 -4.85 -4.36 -3.56 -2.51 -1.28 0.04 1.35 2.57 3.61 4.40 4.87 5.00 4.77 4.21 3.35 2.25 1.00 ;4.98 4.91 4.49 3.76 2.76 1.56 0.25 -1.07 -2.32 -3.41 -4.25 -4.79 -5.00 -4.85 -4.36 -3.56 -2.51 -1.28 0.04 1.35 2.57 3.61 4.40 4.87 5.00 4.77 4.21 3.35 2.25 1.00 ;];
