u1 = [5.00 4.84 4.33 3.52 2.46 1.22 -0.10 -1.41 -2.62 -3.65 -4.42 -4.88 -4.99 -4.75 -4.18 -3.31 -2.20 -0.94 0.39 1.69 2.87 3.85 4.55 4.94 4.97 4.66 4.01 3.08 1.93 0.65 ;5.00 4.84 4.33 3.52 2.46 1.22 -0.10 -1.41 -2.62 -3.65 -4.42 -4.88 -4.99 -4.75 -4.18 -3.31 -2.20 -0.94 0.39 1.69 2.87 3.85 4.55 4.94 4.97 4.66 4.01 3.08 1.93 0.65 ;5.00 4.84 4.33 3.52 2.46 1.22 -0.10 -1.41 -2.62 -3.65 -4.42 -4.88 -4.99 -4.75 -4.18 -3.31 -2.20 -0.94 0.39 1.69 2.87 3.85 4.55 4.94 4.97 4.66 4.01 3.08 1.93 0.65 ;5.00 4.84 4.33 3.52 2.46 1.22 -0.10 -1.41 -2.62 -3.65 -4.42 -4.88 -4.99 -4.75 -4.18 -3.31 -2.20 -0.94 0.39 1.69 2.87 3.85 4.55 4.94 4.97 4.66 4.01 3.08 1.93 0.65 ;5.00 4.84 4.33 3.52 2.46 1.22 -0.10 -1.41 -2.62 -3.65 -4.42 -4.88 -4.99 -4.75 -4.18 -3.31 -2.20 -0.94 0.39 1.69 2.87 3.85 4.55 4.94 4.97 4.66 4.01 3.08 1.93 0.65 ;5.00 4.84 4.33 3.52 2.46 1.22 -0.10 -1.41 -2.62 -3.65 -4.42 -4.88 -4.99 -4.75 -4.18 -3.31 -2.20 -0.94 0.39 1.69 2.87 3.85 4.55 4.94 4.97 4.66 4.01 3.08 1.93 0.65 ;5.00 4.84 4.33 3.52 2.46 1.22 -0.10 -1.41 -2.62 -3.65 -4.42 -4.88 -4.99 -4.75 -4.18 -3.31 -2.20 -0.94 0.39 1.69 2.87 3.85 4.55 4.94 4.97 4.66 4.01 3.08 1.93 0.65 ;5.00 4.84 4.33 3.52 2.46 1.22 -0.10 -1.41 -2.62 -3.65 -4.42 -4.88 -4.99 -4.75 -4.18 -3.31 -2.20 -0.94 0.39 1.69 2.87 3.85 4.55 4.94 4.97 4.66 4.01 3.08 1.93 0.65 ;5.00 4.84 4.33 3.52 2.46 1.22 -0.10 -1.41 -2.62 -3.65 -4.42 -4.88 -4.99 -4.75 -4.18 -3.31 -2.20 -0.94 0.39 1.69 2.87 3.85 4.55 4.94 4.97 4.66 4.01 3.08 1.93 0.65 ;5.00 4.84 4.33 3.52 2.46 1.22 -0.10 -1.41 -2.62 -3.65 -4.42 -4.88 -4.99 -4.75 -4.18 -3.31 -2.20 -0.94 0.39 1.69 2.87 3.85 4.55 4.94 4.97 4.66 4.01 3.08 1.93 0.65 ;5.00 4.84 4.33 3.52 2.46 1.22 -0.10 -1.41 -2.62 -3.65 -4.42 -4.88 -4.99 -4.75 -4.18 -3.31 -2.20 -0.94 0.39 1.69 2.87 3.85 4.55 4.94 4.97 4.66 4.01 3.08 1.93 0.65 ;5.00 4.84 4.33 3.52 2.46 1.22 -0.10 -1.41 -2.62 -3.65 -4.42 -4.88 -4.99 -4.75 -4.18 -3.31 -2.20 -0.94 0.39 1.69 2.87 3.85 4.55 4.94 4.97 4.66 4.01 3.08 1.93 0.65 ;5.00 4.84 4.33 3.52 2.46 1.22 -0.10 -1.41 -2.62 -3.65 -4.42 -4.88 -4.99 -4.75 -4.18 -3.31 -2.20 -0.94 0.39 1.69 2.87 3.85 4.55 4.94 4.97 4.66 4.01 3.08 1.93 0.65 ;5.00 4.84 4.33 3.52 2.46 1.22 -0.10 -1.41 -2.62 -3.65 -4.42 -4.88 -4.99 -4.75 -4.18 -3.31 -2.20 -0.94 0.39 1.69 2.87 3.85 4.55 4.94 4.97 4.66 4.01 3.08 1.93 0.65 ;5.00 4.84 4.33 3.52 2.46 1.22 -0.10 -1.41 -2.62 -3.65 -4.42 -4.88 -4.99 -4.75 -4.18 -3.31 -2.20 -0.94 0.39 1.69 2.87 3.85 4.55 4.94 4.97 4.66 4.01 3.08 1.93 0.65 ;5.00 4.84 4.33 3.52 2.46 1.22 -0.10 -1.41 -2.62 -3.65 -4.42 -4.88 -4.99 -4.75 -4.18 -3.31 -2.20 -0.94 0.39 1.69 2.87 3.85 4.55 4.94 4.97 4.66 4.01 3.08 1.93 0.65 ;5.00 4.84 4.33 3.52 2.46 1.22 -0.10 -1.41 -2.62 -3.65 -4.42 -4.88 -4.99 -4.75 -4.18 -3.31 -2.20 -0.94 0.39 1.69 2.87 3.85 4.55 4.94 4.97 4.66 4.01 3.08 1.93 0.65 ;5.00 4.84 4.33 3.52 2.46 1.22 -0.10 -1.41 -2.62 -3.65 -4.42 -4.88 -4.99 -4.75 -4.18 -3.31 -2.20 -0.94 0.39 1.69 2.87 3.85 4.55 4.94 4.97 4.66 4.01 3.08 1.93 0.65 ;5.00 4.84 4.33 3.52 2.46 1.22 -0.10 -1.41 -2.62 -3.65 -4.42 -4.88 -4.99 -4.75 -4.18 -3.31 -2.20 -0.94 0.39 1.69 2.87 3.85 4.55 4.94 4.97 4.66 4.01 3.08 1.93 0.65 ;5.00 4.84 4.33 3.52 2.46 1.22 -0.10 -1.41 -2.62 -3.65 -4.42 -4.88 -4.99 -4.75 -4.18 -3.31 -2.20 -0.94 0.39 1.69 2.87 3.85 4.55 4.94 4.97 4.66 4.01 3.08 1.93 0.65 ;5.00 4.84 4.33 3.52 2.46 1.22 -0.10 -1.41 -2.62 -3.65 -4.42 -4.88 -4.99 -4.75 -4.18 -3.31 -2.20 -0.94 0.39 1.69 2.87 3.85 4.55 4.94 4.97 4.66 4.01 3.08 1.93 0.65 ;5.00 4.84 4.33 3.52 2.46 1.22 -0.10 -1.41 -2.62 -3.65 -4.42 -4.88 -4.99 -4.75 -4.18 -3.31 -2.20 -0.94 0.39 1.69 2.87 3.85 4.55 4.94 4.97 4.66 4.01 3.08 1.93 0.65 ;5.00 4.84 4.33 3.52 2.46 1.22 -0.10 -1.41 -2.62 -3.65 -4.42 -4.88 -4.99 -4.75 -4.18 -3.31 -2.20 -0.94 0.39 1.69 2.87 3.85 4.55 4.94 4.97 4.66 4.01 3.08 1.93 0.65 ;5.00 4.84 4.33 3.52 2.46 1.22 -0.10 -1.41 -2.62 -3.65 -4.42 -4.88 -4.99 -4.75 -4.18 -3.31 -2.20 -0.94 0.39 1.69 2.87 3.85 4.55 4.94 4.97 4.66 4.01 3.08 1.93 0.65 ;5.00 4.84 4.33 3.52 2.46 1.22 -0.10 -1.41 -2.62 -3.65 -4.42 -4.88 -4.99 -4.75 -4.18 -3.31 -2.20 -0.94 0.39 1.69 2.87 3.85 4.55 4.94 4.97 4.66 4.01 3.08 1.93 0.65 ;5.00 4.84 4.33 3.52 2.46 1.22 -0.10 -1.41 -2.62 -3.65 -4.42 -4.88 -4.99 -4.75 -4.18 -3.31 -2.20 -0.94 0.39 1.69 2.87 3.85 4.55 4.94 4.97 4.66 4.01 3.08 1.93 0.65 ;5.00 4.84 4.33 3.52 2.46 1.22 -0.10 -1.41 -2.62 -3.65 -4.42 -4.88 -4.99 -4.75 -4.18 -3.31 -2.20 -0.94 0.39 1.69 2.87 3.85 4.55 4.94 4.97 4.66 4.01 3.08 1.93 0.65 ;5.00 4.84 4.33 3.52 2.46 1.22 -0.10 -1.41 -2.62 -3.65 -4.42 -4.88 -4.99 -4.75 -4.18 -3.31 -2.20 -0.94 0.39 1.69 2.87 3.85 4.55 4.94 4.97 4.66 4.01 3.08 1.93 0.65 ;5.00 4.84 4.33 3.52 2.46 1.22 -0.10 -1.41 -2.62 -3.65 -4.42 -4.88 -4.99 -4.75 -4.18 -3.31 -2.20 -0.94 0.39 1.69 2.87 3.85 4.55 4.94 4.97 4.66 4.01 3.08 1.93 0.65 ;5.00 4.84 4.33 3.52 2.46 1.22 -0.10 -1.41 -2.62 -3.65 -4.42 -4.88 -4.99 -4.75 -4.18 -3.31 -2.20 -0.94 0.39 1.69 2.87 3.85 4.55 4.94 4.97 4.66 4.01 3.08 1.93 0.65 ;];
