u61 = [4.10 4.71 4.99 4.91 4.49 3.75 2.74 1.54 0.24 -1.09 -2.33 -3.42 -4.26 -4.80 -5.00 -4.85 -4.35 -3.55 -2.49 -1.26 0.05 1.37 2.59 3.62 4.40 4.87 5.00 4.77 4.20 3.34 ;4.10 4.71 4.99 4.91 4.49 3.75 2.74 1.54 0.24 -1.09 -2.33 -3.42 -4.26 -4.80 -5.00 -4.85 -4.35 -3.55 -2.49 -1.26 0.05 1.37 2.59 3.62 4.40 4.87 5.00 4.77 4.20 3.34 ;4.10 4.71 4.99 4.91 4.49 3.75 2.74 1.54 0.24 -1.09 -2.33 -3.42 -4.26 -4.80 -5.00 -4.85 -4.35 -3.55 -2.49 -1.26 0.05 1.37 2.59 3.62 4.40 4.87 5.00 4.77 4.20 3.34 ;4.10 4.71 4.99 4.91 4.49 3.75 2.74 1.54 0.24 -1.09 -2.33 -3.42 -4.26 -4.80 -5.00 -4.85 -4.35 -3.55 -2.49 -1.26 0.05 1.37 2.59 3.62 4.40 4.87 5.00 4.77 4.20 3.34 ;4.10 4.71 4.99 4.91 4.49 3.75 2.74 1.54 0.24 -1.09 -2.33 -3.42 -4.26 -4.80 -5.00 -4.85 -4.35 -3.55 -2.49 -1.26 0.05 1.37 2.59 3.62 4.40 4.87 5.00 4.77 4.20 3.34 ;4.10 4.71 4.99 4.91 4.49 3.75 2.74 1.54 0.24 -1.09 -2.33 -3.42 -4.26 -4.80 -5.00 -4.85 -4.35 -3.55 -2.49 -1.26 0.05 1.37 2.59 3.62 4.40 4.87 5.00 4.77 4.20 3.34 ;4.10 4.71 4.99 4.91 4.49 3.75 2.74 1.54 0.24 -1.09 -2.33 -3.42 -4.26 -4.80 -5.00 -4.85 -4.35 -3.55 -2.49 -1.26 0.05 1.37 2.59 3.62 4.40 4.87 5.00 4.77 4.20 3.34 ;4.10 4.71 4.99 4.91 4.49 3.75 2.74 1.54 0.24 -1.09 -2.33 -3.42 -4.26 -4.80 -5.00 -4.85 -4.35 -3.55 -2.49 -1.26 0.05 1.37 2.59 3.62 4.40 4.87 5.00 4.77 4.20 3.34 ;4.10 4.71 4.99 4.91 4.49 3.75 2.74 1.54 0.24 -1.09 -2.33 -3.42 -4.26 -4.80 -5.00 -4.85 -4.35 -3.55 -2.49 -1.26 0.05 1.37 2.59 3.62 4.40 4.87 5.00 4.77 4.20 3.34 ;4.10 4.71 4.99 4.91 4.49 3.75 2.74 1.54 0.24 -1.09 -2.33 -3.42 -4.26 -4.80 -5.00 -4.85 -4.35 -3.55 -2.49 -1.26 0.05 1.37 2.59 3.62 4.40 4.87 5.00 4.77 4.20 3.34 ;4.10 4.71 4.99 4.91 4.49 3.75 2.74 1.54 0.24 -1.09 -2.33 -3.42 -4.26 -4.80 -5.00 -4.85 -4.35 -3.55 -2.49 -1.26 0.05 1.37 2.59 3.62 4.40 4.87 5.00 4.77 4.20 3.34 ;4.10 4.71 4.99 4.91 4.49 3.75 2.74 1.54 0.24 -1.09 -2.33 -3.42 -4.26 -4.80 -5.00 -4.85 -4.35 -3.55 -2.49 -1.26 0.05 1.37 2.59 3.62 4.40 4.87 5.00 4.77 4.20 3.34 ;4.10 4.71 4.99 4.91 4.49 3.75 2.74 1.54 0.24 -1.09 -2.33 -3.42 -4.26 -4.80 -5.00 -4.85 -4.35 -3.55 -2.49 -1.26 0.05 1.37 2.59 3.62 4.40 4.87 5.00 4.77 4.20 3.34 ;4.10 4.71 4.99 4.91 4.49 3.75 2.74 1.54 0.24 -1.09 -2.33 -3.42 -4.26 -4.80 -5.00 -4.85 -4.35 -3.55 -2.49 -1.26 0.05 1.37 2.59 3.62 4.40 4.87 5.00 4.77 4.20 3.34 ;4.10 4.71 4.99 4.91 4.49 3.75 2.74 1.54 0.24 -1.09 -2.33 -3.42 -4.26 -4.80 -5.00 -4.85 -4.35 -3.55 -2.49 -1.26 0.05 1.37 2.59 3.62 4.40 4.87 5.00 4.77 4.20 3.34 ;4.10 4.71 4.99 4.91 4.49 3.75 2.74 1.54 0.24 -1.09 -2.33 -3.42 -4.26 -4.80 -5.00 -4.85 -4.35 -3.55 -2.49 -1.26 0.05 1.37 2.59 3.62 4.40 4.87 5.00 4.77 4.20 3.34 ;4.10 4.71 4.99 4.91 4.49 3.75 2.74 1.54 0.24 -1.09 -2.33 -3.42 -4.26 -4.80 -5.00 -4.85 -4.35 -3.55 -2.49 -1.26 0.05 1.37 2.59 3.62 4.40 4.87 5.00 4.77 4.20 3.34 ;4.10 4.71 4.99 4.91 4.49 3.75 2.74 1.54 0.24 -1.09 -2.33 -3.42 -4.26 -4.80 -5.00 -4.85 -4.35 -3.55 -2.49 -1.26 0.05 1.37 2.59 3.62 4.40 4.87 5.00 4.77 4.20 3.34 ;4.10 4.71 4.99 4.91 4.49 3.75 2.74 1.54 0.24 -1.09 -2.33 -3.42 -4.26 -4.80 -5.00 -4.85 -4.35 -3.55 -2.49 -1.26 0.05 1.37 2.59 3.62 4.40 4.87 5.00 4.77 4.20 3.34 ;4.10 4.71 4.99 4.91 4.49 3.75 2.74 1.54 0.24 -1.09 -2.33 -3.42 -4.26 -4.80 -5.00 -4.85 -4.35 -3.55 -2.49 -1.26 0.05 1.37 2.59 3.62 4.40 4.87 5.00 4.77 4.20 3.34 ;4.10 4.71 4.99 4.91 4.49 3.75 2.74 1.54 0.24 -1.09 -2.33 -3.42 -4.26 -4.80 -5.00 -4.85 -4.35 -3.55 -2.49 -1.26 0.05 1.37 2.59 3.62 4.40 4.87 5.00 4.77 4.20 3.34 ;4.10 4.71 4.99 4.91 4.49 3.75 2.74 1.54 0.24 -1.09 -2.33 -3.42 -4.26 -4.80 -5.00 -4.85 -4.35 -3.55 -2.49 -1.26 0.05 1.37 2.59 3.62 4.40 4.87 5.00 4.77 4.20 3.34 ;4.10 4.71 4.99 4.91 4.49 3.75 2.74 1.54 0.24 -1.09 -2.33 -3.42 -4.26 -4.80 -5.00 -4.85 -4.35 -3.55 -2.49 -1.26 0.05 1.37 2.59 3.62 4.40 4.87 5.00 4.77 4.20 3.34 ;4.10 4.71 4.99 4.91 4.49 3.75 2.74 1.54 0.24 -1.09 -2.33 -3.42 -4.26 -4.80 -5.00 -4.85 -4.35 -3.55 -2.49 -1.26 0.05 1.37 2.59 3.62 4.40 4.87 5.00 4.77 4.20 3.34 ;4.10 4.71 4.99 4.91 4.49 3.75 2.74 1.54 0.24 -1.09 -2.33 -3.42 -4.26 -4.80 -5.00 -4.85 -4.35 -3.55 -2.49 -1.26 0.05 1.37 2.59 3.62 4.40 4.87 5.00 4.77 4.20 3.34 ;4.10 4.71 4.99 4.91 4.49 3.75 2.74 1.54 0.24 -1.09 -2.33 -3.42 -4.26 -4.80 -5.00 -4.85 -4.35 -3.55 -2.49 -1.26 0.05 1.37 2.59 3.62 4.40 4.87 5.00 4.77 4.20 3.34 ;4.10 4.71 4.99 4.91 4.49 3.75 2.74 1.54 0.24 -1.09 -2.33 -3.42 -4.26 -4.80 -5.00 -4.85 -4.35 -3.55 -2.49 -1.26 0.05 1.37 2.59 3.62 4.40 4.87 5.00 4.77 4.20 3.34 ;4.10 4.71 4.99 4.91 4.49 3.75 2.74 1.54 0.24 -1.09 -2.33 -3.42 -4.26 -4.80 -5.00 -4.85 -4.35 -3.55 -2.49 -1.26 0.05 1.37 2.59 3.62 4.40 4.87 5.00 4.77 4.20 3.34 ;4.10 4.71 4.99 4.91 4.49 3.75 2.74 1.54 0.24 -1.09 -2.33 -3.42 -4.26 -4.80 -5.00 -4.85 -4.35 -3.55 -2.49 -1.26 0.05 1.37 2.59 3.62 4.40 4.87 5.00 4.77 4.20 3.34 ;4.10 4.71 4.99 4.91 4.49 3.75 2.74 1.54 0.24 -1.09 -2.33 -3.42 -4.26 -4.80 -5.00 -4.85 -4.35 -3.55 -2.49 -1.26 0.05 1.37 2.59 3.62 4.40 4.87 5.00 4.77 4.20 3.34 ;];
